date,streamflow
2016-01-01,0.668
2016-01-02,0.771
2016-01-03,0.875
2016-01-04,0.642
2016-01-05,0.671
2016-01-06,0.725
2016-01-07,0.862
2016-01-08,0.881
2016-01-09,0.8
2016-01-10,0.996
2016-01-11,0.9
2016-01-12,0.867
2016-01-13,0.847
2016-01-14,0.834
2016-01-15,0.829
2016-01-16,0.833
2016-01-17,0.875
2016-01-18,0.818
2016-01-19,0.836
2016-01-20,0.821
2016-01-21,0.821
2016-01-22,0.91
2016-01-23,0.861
2016-01-24,0.776
2016-01-25,0.821
2016-01-26,0.882
2016-01-27,0.929
2016-01-28,0.868
2016-01-29,0.953
2016-01-30,0.884
2016-01-31,0.927
2016-02-01,0.864
2016-02-02,0.852
2016-02-03,0.846
2016-02-04,0.784
2016-02-05,0.807
2016-02-06,0.898
2016-02-07,0.93
2016-02-08,0.879
2016-02-09,0.832
2016-02-10,0.802
2016-02-11,0.829
2016-02-12,0.827
2016-02-13,0.802
2016-02-14,0.848
2016-02-15,0.839
2016-02-16,0.839
2016-02-17,0.882
2016-02-18,0.898
2016-02-19,0.899
2016-02-20,0.902
2016-02-21,0.9
2016-02-22,0.888
2016-02-23,0.871
2016-02-24,0.868
2016-02-25,0.865
2016-02-26,0.889
2016-02-27,0.891
2016-02-28,0.911
2016-02-29,0.849
2016-03-01,0.872
2016-03-02,0.763
2016-03-03,0.764
2016-03-04,0.791
2016-03-05,0.739
2016-03-06,0.749
2016-03-07,0.737
2016-03-08,0.896
2016-03-09,0.992
2016-03-10,0.775
2016-03-11,0.724
2016-03-12,0.749
2016-03-13,0.759
2016-03-14,0.767
2016-03-15,0.817
2016-03-16,0.787
2016-03-17,0.775
2016-03-18,0.796
2016-03-19,0.728
2016-03-20,0.799
2016-03-21,0.84
2016-03-22,0.8
2016-03-23,0.819
2016-03-24,0.909
2016-03-25,0.893
2016-03-26,0.99
2016-03-27,1.148
2016-03-28,0.937
2016-03-29,0.938
2016-03-30,1.016
2016-03-31,0.962
2016-04-01,1.0
2016-04-02,1.09
2016-04-03,1.036
2016-04-04,1.056
2016-04-05,1.047
2016-04-06,1.053
2016-04-07,1.081
2016-04-08,1.055
2016-04-09,1.089
2016-04-10,1.054
2016-04-11,1.055
2016-04-12,1.02
2016-04-13,1.072
2016-04-14,1.08
2016-04-15,1.284
2016-04-16,1.017
2016-04-17,0.964
2016-04-18,1.026
2016-04-19,1.085
2016-04-20,1.068
2016-04-21,1.029
2016-04-22,1.108
2016-04-23,1.069
2016-04-24,1.047
2016-04-25,1.066
2016-04-26,1.09
2016-04-27,1.13
2016-04-28,1.131
2016-04-29,1.117
2016-04-30,1.089
2016-05-01,1.073
2016-05-02,1.109
2016-05-03,1.103
2016-05-04,1.063
2016-05-05,1.028
2016-05-06,0.958
2016-05-07,1.103
2016-05-08,1.107
2016-05-09,1.067
2016-05-10,1.41
2016-05-11,1.111
2016-05-12,1.098
2016-05-13,1.071
2016-05-14,1.054
2016-05-15,0.991
2016-05-16,1.001
2016-05-17,1.035
2016-05-18,1.172
2016-05-19,1.07
2016-05-20,1.06
2016-05-21,1.1
2016-05-22,1.061
2016-05-23,1.043
2016-05-24,1.022
2016-05-25,1.017
2016-05-26,1.012
2016-05-27,1.011
2016-05-28,1.003
2016-05-29,1.002
2016-05-30,0.999
2016-05-31,1.17
2016-06-01,1.041
2016-06-02,1.027
2016-06-03,1.016
2016-06-04,1.002
2016-06-05,0.917
2016-06-06,0.915
2016-06-07,1.046
2016-06-08,1.032
2016-06-09,0.939
2016-06-10,0.976
2016-06-11,0.997
2016-06-12,1.003
2016-06-13,1.012
2016-06-14,0.956
2016-06-15,1.056
2016-06-16,0.998
2016-06-17,1.096
2016-06-18,1.01
2016-06-19,1.037
2016-06-20,1.288
2016-06-21,1.038
2016-06-22,1.183
2016-06-23,1.174
2016-06-24,1.047
2016-06-25,1.034
2016-06-26,1.006
2016-06-27,0.997
2016-06-28,0.995
2016-06-29,0.996
2016-06-30,0.988
2016-07-01,0.982
2016-07-02,0.973
2016-07-03,0.961
2016-07-04,0.949
2016-07-05,0.944
2016-07-06,0.936
2016-07-07,0.928
2016-07-08,0.927
2016-07-09,0.92
2016-07-10,0.911
2016-07-11,0.913
2016-07-12,0.956
2016-07-13,0.901
2016-07-14,0.852
2016-07-15,0.846
2016-07-16,0.829
2016-07-17,0.825
2016-07-18,0.802
2016-07-19,0.79
2016-07-20,0.896
2016-07-21,1.033
2016-07-22,1.044
2016-07-23,1.049
2016-07-24,1.069
2016-07-25,1.101
2016-07-26,0.832
2016-07-27,0.808
2016-07-28,0.625
2016-07-29,0.776
2016-07-30,0.825
2016-07-31,0.819
2016-08-01,0.95
2016-08-02,0.933
2016-08-03,0.856
2016-08-04,0.819
2016-08-05,0.82
2016-08-06,0.779
2016-08-07,0.781
2016-08-08,0.8
2016-08-09,0.765
2016-08-10,0.779
2016-08-11,0.801
2016-08-12,0.786
2016-08-13,0.781
2016-08-14,0.778
2016-08-15,0.77
2016-08-16,0.766
2016-08-17,0.758
2016-08-18,0.775
2016-08-19,0.849
2016-08-20,0.812
2016-08-21,0.804
2016-08-22,0.804
2016-08-23,0.753
2016-08-24,0.751
2016-08-25,0.762
2016-08-26,0.738
2016-08-27,0.736
2016-08-28,0.763
2016-08-29,0.755
2016-08-30,0.742
2016-08-31,0.745
2016-09-01,0.736
2016-09-02,0.738
2016-09-03,0.83
2016-09-04,0.762
2016-09-05,0.771
2016-09-06,0.738
2016-09-07,0.729
2016-09-08,0.718
2016-09-09,0.709
2016-09-10,0.812
2016-09-11,0.731
2016-09-12,0.71
2016-09-13,0.687
2016-09-14,0.686
2016-09-15,1.081
2016-09-16,1.156
2016-09-17,0.677
2016-09-18,0.62
2016-09-19,0.758
2016-09-20,0.757
2016-09-21,0.797
2016-09-22,0.801
2016-09-23,0.776
2016-09-24,0.773
2016-09-25,0.822
2016-09-26,0.772
2016-09-27,0.661
2016-09-28,0.789
2016-09-29,0.777
2016-09-30,0.767
2016-10-01,0.821
2016-10-02,0.783
2016-10-03,0.735
2016-10-04,0.753
2016-10-05,0.749
2016-10-06,0.753
2016-10-07,0.751
2016-10-08,0.752
2016-10-09,0.741
2016-10-10,0.755
2016-10-11,0.745
2016-10-12,0.745
2016-10-13,0.742
2016-10-14,0.731
2016-10-15,0.743
2016-10-16,0.91
2016-10-17,0.758
2016-10-18,0.748
2016-10-19,0.745
2016-10-20,0.74
2016-10-21,0.74
2016-10-22,0.737
2016-10-23,0.727
2016-10-24,0.724
2016-10-25,0.698
2016-10-26,0.724
2016-10-27,0.709
2016-10-28,0.697
2016-10-29,0.697
2016-10-30,0.704
2016-10-31,0.574
2016-11-01,0.637
2016-11-02,0.698
2016-11-03,0.701
2016-11-04,0.749
2016-11-05,0.713
2016-11-06,0.666
2016-11-07,0.711
2016-11-08,0.868
2016-11-09,0.882
2016-11-10,0.693
2016-11-11,0.748
2016-11-12,0.821
2016-11-13,0.752
2016-11-14,0.707
2016-11-15,0.702
2016-11-16,0.716
2016-11-17,0.747
2016-11-18,0.733
2016-11-19,0.915
2016-11-20,0.937
2016-11-21,0.963
2016-11-22,0.825
2016-11-23,0.734
2016-11-24,0.759
2016-11-25,0.748
2016-11-26,0.689
2016-11-27,0.679
2016-11-28,0.636
2016-11-29,0.74
2016-11-30,0.714
2016-12-01,0.703
2016-12-02,0.72
2016-12-03,0.72
2016-12-04,0.719
2016-12-05,0.683
2016-12-06,0.687
2016-12-07,0.695
2016-12-08,0.688
2016-12-09,0.685
2016-12-10,0.801
2016-12-11,0.692
2016-12-12,0.72
2016-12-13,0.697
2016-12-14,0.678
2016-12-15,0.693
2016-12-16,0.693
2016-12-17,0.646
2016-12-18,0.703
2016-12-19,0.68
2016-12-20,0.678
2016-12-21,0.647
2016-12-22,0.691
2016-12-23,0.719
2016-12-24,0.69
2016-12-25,0.677
2016-12-26,0.676
2016-12-27,0.667
2016-12-28,0.687
2016-12-29,0.686
2016-12-30,0.691
2016-12-31,0.679
2017-01-01,0.805
2017-01-02,0.68
2017-01-03,0.691
2017-01-04,0.689
2017-01-05,0.682
2017-01-06,0.781
2017-01-07,0.706
2017-01-08,0.692
2017-01-09,0.713
2017-01-10,0.684
2017-01-11,0.686
2017-01-12,0.933
2017-01-13,0.733
2017-01-14,0.725
2017-01-15,0.915
2017-01-16,0.868
2017-01-17,0.731
2017-01-18,0.522
2017-01-19,0.625
2017-01-20,0.717
2017-01-21,0.739
2017-01-22,0.732
2017-01-23,0.714
2017-01-24,0.725
2017-01-25,0.723
2017-01-26,0.727
2017-01-27,0.72
2017-01-28,0.718
2017-01-29,0.945
2017-01-30,0.789
2017-01-31,0.822
2017-02-01,0.817
2017-02-02,0.792
2017-02-03,0.781
2017-02-04,0.77
2017-02-05,0.755
2017-02-06,0.769
2017-02-07,0.724
2017-02-08,0.768
2017-02-09,0.767
2017-02-10,0.763
2017-02-11,0.763
2017-02-12,0.757
2017-02-13,0.747
2017-02-14,0.796
2017-02-15,0.841
2017-02-16,0.77
2017-02-17,0.762
2017-02-18,0.752
2017-02-19,0.75
2017-02-20,0.742
2017-02-21,0.735
2017-02-22,0.712
2017-02-23,0.709
2017-02-24,0.707
2017-02-25,0.728
2017-02-26,0.731
2017-02-27,0.745
2017-02-28,0.732
2017-03-01,0.731
2017-03-02,0.711
2017-03-03,0.82
2017-03-04,0.755
2017-03-05,0.753
2017-03-06,0.727
2017-03-07,0.767
2017-03-08,0.772
2017-03-09,0.716
2017-03-10,0.717
2017-03-11,0.721
2017-03-12,0.766
2017-03-13,0.727
2017-03-14,0.729
2017-03-15,0.707
2017-03-16,0.718
2017-03-17,0.715
2017-03-18,0.716
2017-03-19,0.689
2017-03-20,0.736
2017-03-21,0.614
2017-03-22,0.591
2017-03-23,0.596
2017-03-24,0.481
2017-03-25,0.481
2017-03-26,0.462
2017-03-27,0.493
2017-03-28,0.599
2017-03-29,0.665
2017-03-30,0.685
2017-03-31,0.681
2017-04-01,0.662
2017-04-02,0.665
2017-04-03,0.667
2017-04-04,0.692
2017-04-05,0.696
2017-04-06,0.678
2017-04-07,0.682
2017-04-08,0.646
2017-04-09,0.606
2017-04-10,0.617
2017-04-11,0.653
2017-04-12,0.705
2017-04-13,0.71
2017-04-14,0.707
2017-04-15,0.699
2017-04-16,0.711
2017-04-17,0.675
2017-04-18,0.713
2017-04-19,0.668
2017-04-20,0.718
2017-04-21,0.719
2017-04-22,0.692
2017-04-23,0.693
2017-04-24,0.698
2017-04-25,0.698
2017-04-26,0.694
2017-04-27,0.686
2017-04-28,0.672
2017-04-29,0.659
2017-04-30,0.692
2017-05-01,0.7
2017-05-02,0.651
2017-05-03,0.68
2017-05-04,0.669
2017-05-05,0.677
2017-05-06,0.679
2017-05-07,0.667
2017-05-08,0.666
2017-05-09,0.643
2017-05-10,0.672
2017-05-11,0.669
2017-05-12,0.657
2017-05-13,0.672
2017-05-14,0.7
2017-05-15,0.671
2017-05-16,0.746
2017-05-17,1.075
2017-05-18,0.808
2017-05-19,0.795
2017-05-20,0.722
2017-05-21,0.661
2017-05-22,0.675
2017-05-23,0.685
2017-05-24,0.67
2017-05-25,0.631
2017-05-26,0.643
2017-05-27,0.608
2017-05-28,0.66
2017-05-29,0.712
2017-05-30,0.671
2017-05-31,0.662
2017-06-01,0.652
2017-06-02,0.652
2017-06-03,0.646
2017-06-04,0.658
2017-06-05,0.709
2017-06-06,1.009
2017-06-07,0.715
2017-06-08,0.718
2017-06-09,0.685
2017-06-10,0.66
2017-06-11,0.66
2017-06-12,0.653
2017-06-13,0.623
2017-06-14,0.589
2017-06-15,0.571
2017-06-16,0.548
2017-06-17,0.602
2017-06-18,0.527
2017-06-19,0.43
2017-06-20,0.433
2017-06-21,0.379
2017-06-22,0.525
2017-06-23,0.526
2017-06-24,0.594
2017-06-25,0.618
2017-06-26,0.613
2017-06-27,0.699
2017-06-28,0.65
2017-06-29,0.63
2017-06-30,0.61
2017-07-01,0.62
2017-07-02,0.582
2017-07-03,0.605
2017-07-04,0.599
2017-07-05,0.572
2017-07-06,0.586
2017-07-07,0.583
2017-07-08,0.585
2017-07-09,0.582
2017-07-10,0.592
2017-07-11,0.859
2017-07-12,0.66
2017-07-13,0.597
2017-07-14,0.639
2017-07-15,0.632
2017-07-16,0.615
2017-07-17,0.59
2017-07-18,0.898
2017-07-19,0.72
2017-07-20,0.669
2017-07-21,0.796
2017-07-22,0.775
2017-07-23,0.701
2017-07-24,0.69
2017-07-25,0.668
2017-07-26,0.717
2017-07-27,0.69
2017-07-28,0.619
2017-07-29,0.889
2017-07-30,0.732
2017-07-31,0.688
2017-08-01,0.671
2017-08-02,0.747
2017-08-03,0.657
2017-08-04,0.664
2017-08-05,0.661
2017-08-06,0.655
2017-08-07,0.747
2017-08-08,0.688
2017-08-09,0.879
2017-08-10,0.722
2017-08-11,0.697
2017-08-12,0.684
2017-08-13,0.676
2017-08-14,0.672
2017-08-15,0.669
2017-08-16,0.701
2017-08-17,0.668
2017-08-18,0.667
2017-08-19,0.642
2017-08-20,0.685
2017-08-21,0.638
2017-08-22,0.623
2017-08-23,0.642
2017-08-24,0.634
2017-08-25,0.623
2017-08-26,0.615
2017-08-27,0.612
2017-08-28,0.605
2017-08-29,0.58
2017-08-30,0.626
2017-08-31,0.681
2017-09-01,0.611
2017-09-02,0.581
2017-09-03,0.647
2017-09-04,0.634
2017-09-05,0.618
2017-09-06,0.618
2017-09-07,0.625
2017-09-08,0.706
2017-09-09,0.642
2017-09-10,0.642
2017-09-11,0.629
2017-09-12,0.645
2017-09-13,0.629
2017-09-14,0.624
2017-09-15,0.681
2017-09-16,0.651
2017-09-17,0.628
2017-09-18,0.641
2017-09-19,0.625
2017-09-20,0.619
2017-09-21,0.625
2017-09-22,0.617
2017-09-23,0.605
2017-09-24,0.64
2017-09-25,0.706
2017-09-26,0.652
2017-09-27,0.708
2017-09-28,0.661
2017-09-29,0.643
2017-09-30,0.624
2017-10-01,0.623
2017-10-02,0.6
2017-10-03,0.602
2017-10-04,0.596
2017-10-05,0.54
2017-10-06,0.598
2017-10-07,0.596
2017-10-08,0.574
2017-10-09,0.604
2017-10-10,0.599
2017-10-11,0.601
2017-10-12,0.581
2017-10-13,0.595
2017-10-14,0.568
2017-10-15,0.582
2017-10-16,0.588
2017-10-17,0.6
2017-10-18,0.602
2017-10-19,0.616
2017-10-20,0.645
2017-10-21,0.607
2017-10-22,0.597
2017-10-23,0.591
2017-10-24,0.585
2017-10-25,0.581
2017-10-26,0.598
2017-10-27,0.594
2017-10-28,0.587
2017-10-29,0.587
2017-10-30,0.589
2017-10-31,0.592
2017-11-01,0.585
2017-11-02,0.582
2017-11-03,0.608
2017-11-04,0.727
2017-11-05,0.626
2017-11-06,0.617
2017-11-07,0.681
2017-11-08,0.633
2017-11-09,0.616
2017-11-10,0.65
2017-11-11,0.706
2017-11-12,0.643
2017-11-13,0.598
2017-11-14,0.621
2017-11-15,0.612
2017-11-16,0.609
2017-11-17,0.62
2017-11-18,0.655
2017-11-19,0.627
2017-11-20,0.618
2017-11-21,0.614
2017-11-22,0.728
2017-11-23,0.65
2017-11-24,0.62
2017-11-25,0.623
2017-11-26,0.585
2017-11-27,0.62
2017-11-28,0.589
2017-11-29,0.614
2017-11-30,0.611
2017-12-01,0.608
2017-12-02,0.602
2017-12-03,0.609
2017-12-04,0.602
2017-12-05,0.597
2017-12-06,0.592
2017-12-07,0.671
2017-12-08,0.613
2017-12-09,0.629
2017-12-10,0.731
2017-12-11,0.58
2017-12-12,0.443
2017-12-13,0.572
2017-12-14,0.544
2017-12-15,0.704
2017-12-16,0.667
2017-12-17,0.712
2017-12-18,0.674
2017-12-19,0.65
2017-12-20,0.651
2017-12-21,0.644
2017-12-22,0.64
2017-12-23,0.637
2017-12-24,0.62
2017-12-25,0.757
2017-12-26,0.779
2017-12-27,0.692
2017-12-28,0.697
2017-12-29,0.742
2017-12-30,0.705
2017-12-31,0.661
2018-01-01,0.688
2018-01-02,0.783
2018-01-03,0.606
2018-01-04,0.678
2018-01-05,0.669
2018-01-06,0.63
2018-01-07,0.619
2018-01-08,0.574
2018-01-09,0.637
2018-01-10,0.638
2018-01-11,0.631
2018-01-12,0.627
2018-01-13,0.621
2018-01-14,0.619
2018-01-15,0.596
2018-01-16,0.523
2018-01-17,0.594
2018-01-18,0.573
2018-01-19,0.62
2018-01-20,0.584
2018-01-21,0.812
2018-01-22,0.729
2018-01-23,0.765
2018-01-24,0.838
2018-01-25,0.785
2018-01-26,0.776
2018-01-27,0.755
2018-01-28,0.748
2018-01-29,0.742
2018-01-30,0.747
2018-01-31,0.769
2018-02-01,0.744
2018-02-02,0.738
2018-02-03,0.755
2018-02-04,0.745
2018-02-05,0.692
2018-02-06,0.74
2018-02-07,0.725
2018-02-08,0.759
2018-02-09,0.661
2018-02-10,0.709
2018-02-11,0.614
2018-02-12,0.689
2018-02-13,0.611
2018-02-14,0.758
2018-02-15,0.597
2018-02-16,0.702
2018-02-17,0.672
2018-02-18,0.65
2018-02-19,0.751
2018-02-20,0.727
2018-02-21,0.611
2018-02-22,0.695
2018-02-23,0.716
2018-02-24,0.617
2018-02-25,0.643
2018-02-26,0.742
2018-02-27,0.645
2018-02-28,0.538
2018-03-01,0.603
2018-03-02,0.621
2018-03-03,0.685
2018-03-04,0.615
2018-03-05,0.662
2018-03-06,0.63
2018-03-07,0.639
2018-03-08,0.602
2018-03-09,0.749
2018-03-10,0.651
2018-03-11,0.728
2018-03-12,0.743
2018-03-13,0.758
2018-03-14,0.692
2018-03-15,0.67
2018-03-16,0.656
2018-03-17,0.668
2018-03-18,0.709
2018-03-19,0.704
2018-03-20,0.835
2018-03-21,0.834
2018-03-22,0.833
2018-03-23,0.852
2018-03-24,0.862
2018-03-25,0.855
2018-03-26,0.847
2018-03-27,0.866
2018-03-28,0.855
2018-03-29,0.995
2018-03-30,1.05
2018-03-31,0.873
2018-04-01,1.089
2018-04-02,0.949
2018-04-03,0.85
2018-04-04,0.881
2018-04-05,0.977
2018-04-06,0.966
2018-04-07,0.968
2018-04-08,0.982
2018-04-09,1.094
2018-04-10,1.041
2018-04-11,1.091
2018-04-12,1.048
2018-04-13,1.005
2018-04-14,0.873
2018-04-15,1.037
2018-04-16,1.043
2018-04-17,1.029
2018-04-18,0.965
2018-04-19,1.017
2018-04-20,0.999
2018-04-21,1.068
2018-04-22,1.025
2018-04-23,1.03
2018-04-24,1.026
2018-04-25,1.037
2018-04-26,1.026
2018-04-27,1.127
2018-04-28,1.088
2018-04-29,1.05
2018-04-30,1.041
2018-05-01,1.034
2018-05-02,1.152
2018-05-03,1.004
2018-05-04,1.042
2018-05-05,1.002
2018-05-06,1.021
2018-05-07,1.012
2018-05-08,1.029
2018-05-09,1.029
2018-05-10,1.026
2018-05-11,1.026
2018-05-12,1.075
2018-05-13,1.016
2018-05-14,1.005
2018-05-15,1.003
2018-05-16,1.01
2018-05-17,1.011
2018-05-18,1.008
2018-05-19,1.01
2018-05-20,0.987
2018-05-21,1.016
2018-05-22,0.996
2018-05-23,1.12
2018-05-24,1.26
2018-05-25,1.209
2018-05-26,1.374
2018-05-27,1.154
2018-05-28,1.05
2018-05-29,1.267
2018-05-30,1.145
2018-05-31,1.097
2018-06-01,1.07
2018-06-02,1.048
2018-06-03,1.032
2018-06-04,1.047
2018-06-05,1.047
2018-06-06,1.016
2018-06-07,1.034
2018-06-08,1.021
2018-06-09,0.976
2018-06-10,1.004
2018-06-11,0.998
2018-06-12,1.006
2018-06-13,1.002
2018-06-14,1.002
2018-06-15,1.005
2018-06-16,0.999
2018-06-17,1.001
2018-06-18,0.988
2018-06-19,0.98
2018-06-20,0.995
2018-06-21,0.98
2018-06-22,0.975
2018-06-23,0.958
2018-06-24,0.948
2018-06-25,0.943
2018-06-26,0.93
2018-06-27,0.924
2018-06-28,0.916
2018-06-29,0.907
2018-06-30,0.908
2018-07-01,0.901
2018-07-02,0.919
2018-07-03,0.906
2018-07-04,0.913
2018-07-05,0.898
2018-07-06,0.889
2018-07-07,0.891
2018-07-08,0.881
2018-07-09,0.878
2018-07-10,0.888
2018-07-11,0.895
2018-07-12,0.901
2018-07-13,0.905
2018-07-14,0.889
2018-07-15,0.879
2018-07-16,0.895
2018-07-17,0.928
2018-07-18,0.907
2018-07-19,0.881
2018-07-20,0.883
2018-07-21,0.885
2018-07-22,0.868
2018-07-23,0.87
2018-07-24,0.889
2018-07-25,0.859
2018-07-26,0.848
2018-07-27,0.838
2018-07-28,0.852
2018-07-29,0.914
2018-07-30,0.863
2018-07-31,0.855
2018-08-01,0.839
2018-08-02,0.826
2018-08-03,0.819
2018-08-04,0.815
2018-08-05,0.804
2018-08-06,0.8
2018-08-07,0.812
2018-08-08,0.809
2018-08-09,0.848
2018-08-10,1.145
2018-08-11,0.936
2018-08-12,0.915
2018-08-13,0.918
2018-08-14,0.901
2018-08-15,0.905
2018-08-16,1.137
2018-08-17,0.942
2018-08-18,0.934
2018-08-19,0.92
2018-08-20,0.938
2018-08-21,0.928
2018-08-22,0.931
2018-08-23,0.792
2018-08-24,0.825
2018-08-25,0.785
2018-08-26,1.022
2018-08-27,0.809
2018-08-28,0.789
2018-08-29,0.803
2018-08-30,0.788
2018-08-31,0.785
2018-09-01,0.773
2018-09-02,0.762
2018-09-03,0.757
2018-09-04,0.765
2018-09-05,0.761
2018-09-06,0.764
2018-09-07,0.774
2018-09-08,0.756
2018-09-09,0.752
2018-09-10,0.752
2018-09-11,0.745
2018-09-12,0.75
2018-09-13,0.742
2018-09-14,0.741
2018-09-15,0.725
2018-09-16,0.718
2018-09-17,0.703
2018-09-18,0.703
2018-09-19,0.711
2018-09-20,0.831
2018-09-21,0.79
2018-09-22,0.819
2018-09-23,0.967
2018-09-24,0.801
2018-09-25,0.791
2018-09-26,0.711
2018-09-27,0.72
2018-09-28,0.73
2018-09-29,0.742
2018-09-30,0.729
2018-10-01,0.72
2018-10-02,0.701
2018-10-03,0.704
2018-10-04,0.705
2018-10-05,0.702
2018-10-06,0.759
2018-10-07,0.716
2018-10-08,0.698
2018-10-09,0.687
2018-10-10,0.676
2018-10-11,0.693
2018-10-12,0.687
2018-10-13,0.717
2018-10-14,1.283
2018-10-15,0.83
2018-10-16,0.756
2018-10-17,0.748
2018-10-18,0.732
2018-10-19,0.721
2018-10-20,0.708
2018-10-21,0.698
2018-10-22,0.711
2018-10-23,0.698
2018-10-24,0.691
2018-10-25,0.687
2018-10-26,0.687
2018-10-27,0.723
2018-10-28,0.723
2018-10-29,0.7
2018-10-30,0.696
2018-10-31,0.7
2018-11-01,0.782
2018-11-02,0.703
2018-11-03,0.683
2018-11-04,0.674
2018-11-05,0.669
2018-11-06,0.689
2018-11-07,0.76
2018-11-08,0.681
2018-11-09,0.82
2018-11-10,0.786
2018-11-11,0.848
2018-11-12,0.714
2018-11-13,0.7
2018-11-14,0.691
2018-11-15,0.677
2018-11-16,0.679
2018-11-17,0.679
2018-11-18,0.677
2018-11-19,0.669
2018-11-20,0.717
2018-11-21,0.691
2018-11-22,0.672
2018-11-23,0.656
2018-11-24,0.656
2018-11-25,0.655
2018-11-26,0.653
2018-11-27,0.762
2018-11-28,0.766
2018-11-29,0.754
2018-11-30,0.693
2018-12-01,0.844
2018-12-02,0.717
2018-12-03,0.718
2018-12-04,0.789
2018-12-05,0.835
2018-12-06,0.741
2018-12-07,0.951
2018-12-08,0.732
2018-12-09,0.751
2018-12-10,0.707
2018-12-11,0.699
2018-12-12,0.696
2018-12-13,0.72
2018-12-14,0.711
2018-12-15,0.865
2018-12-16,0.817
2018-12-17,0.738
2018-12-18,0.918
2018-12-19,0.806
2018-12-20,0.839
2018-12-21,0.793
2018-12-22,0.75
2018-12-23,0.781
2018-12-24,0.76
2018-12-25,0.761
2018-12-26,0.756
2018-12-27,0.762
2018-12-28,0.747
2018-12-29,0.738
2018-12-30,0.722
2018-12-31,0.72
2019-01-01,0.716
2019-01-02,0.717
2019-01-03,0.713
2019-01-04,0.71
2019-01-05,0.677
2019-01-06,0.681
2019-01-07,0.683
2019-01-08,0.688
2019-01-09,0.688
2019-01-10,0.692
2019-01-11,0.684
2019-01-12,0.683
2019-01-13,0.677
2019-01-14,0.681
2019-01-15,0.678
2019-01-16,0.691
2019-01-17,0.662
2019-01-18,0.683
2019-01-19,0.68
2019-01-20,0.676
2019-01-21,0.725
2019-01-22,0.743
2019-01-23,0.714
2019-01-24,0.692
2019-01-25,0.676
2019-01-26,0.715
2019-01-27,0.722
2019-01-28,0.695
2019-01-29,0.775
2019-01-30,0.722
2019-01-31,0.715
2019-02-01,0.746
2019-02-02,0.718
2019-02-03,0.718
2019-02-04,0.793
2019-02-05,0.803
2019-02-06,0.79
2019-02-07,0.728
2019-02-08,0.845
2019-02-09,0.739
2019-02-10,0.775
2019-02-11,0.727
2019-02-12,0.719
2019-02-13,0.722
2019-02-14,0.721
2019-02-15,0.719
2019-02-16,0.707
2019-02-17,0.707
2019-02-18,0.686
2019-02-19,0.705
2019-02-20,0.708
2019-02-21,0.705
2019-02-22,0.699
2019-02-23,0.698
2019-02-24,0.696
2019-02-25,0.691
2019-02-26,0.682
2019-02-27,0.691
2019-02-28,0.673
2019-03-01,0.686
2019-03-02,0.694
2019-03-03,0.735
2019-03-04,0.714
2019-03-05,0.761
2019-03-06,0.868
2019-03-07,0.743
2019-03-08,0.74
2019-03-09,0.806
2019-03-10,0.807
2019-03-11,0.73
2019-03-12,0.891
2019-03-13,0.74
2019-03-14,0.857
2019-03-15,0.744
2019-03-16,0.789
2019-03-17,0.749
2019-03-18,0.74
2019-03-19,0.734
2019-03-20,0.727
2019-03-21,0.724
2019-03-22,0.723
2019-03-23,0.726
2019-03-24,0.713
2019-03-25,0.709
2019-03-26,0.71
2019-03-27,0.705
2019-03-28,0.705
2019-03-29,0.708
2019-03-30,0.744
2019-03-31,0.727
2019-04-01,0.715
2019-04-02,0.76
2019-04-03,0.736
2019-04-04,0.758
2019-04-05,0.718
2019-04-06,0.718
2019-04-07,0.716
2019-04-08,0.731
2019-04-09,0.724
2019-04-10,0.7
2019-04-11,0.717
2019-04-12,0.722
2019-04-13,0.728
2019-04-14,0.731
2019-04-15,0.723
2019-04-16,0.749
2019-04-17,0.721
2019-04-18,0.714
2019-04-19,0.707
2019-04-20,0.704
2019-04-21,0.702
2019-04-22,0.697
2019-04-23,0.694
2019-04-24,0.697
2019-04-25,0.702
2019-04-26,0.704
2019-04-27,0.705
2019-04-28,0.708
2019-04-29,0.702
2019-04-30,0.693
2019-05-01,0.686
2019-05-02,0.692
2019-05-03,0.703
2019-05-04,0.696
2019-05-05,0.687
2019-05-06,0.679
2019-05-07,0.695
2019-05-08,0.943
2019-05-09,0.736
2019-05-10,0.708
2019-05-11,0.698
2019-05-12,0.684
2019-05-13,0.671
2019-05-14,0.678
2019-05-15,0.682
2019-05-16,0.682
2019-05-17,0.684
2019-05-18,0.674
2019-05-19,0.671
2019-05-20,0.672
2019-05-21,0.671
2019-05-22,0.675
2019-05-23,0.663
2019-05-24,0.669
2019-05-25,0.656
2019-05-26,0.674
2019-05-27,0.669
2019-05-28,0.668
2019-05-29,0.683
2019-05-30,0.653
2019-05-31,0.652
2019-06-01,0.638
2019-06-02,0.642
2019-06-03,0.644
2019-06-04,0.654
2019-06-05,0.649
2019-06-06,0.636
2019-06-07,0.701
2019-06-08,0.673
2019-06-09,0.656
2019-06-10,1.118
2019-06-11,0.888
2019-06-12,0.922
2019-06-13,0.982
2019-06-14,0.722
2019-06-15,0.689
2019-06-16,0.688
2019-06-17,0.67
2019-06-18,0.789
2019-06-19,0.694
2019-06-20,0.677
2019-06-21,0.67
2019-06-22,0.661
2019-06-23,0.664
2019-06-24,0.671
2019-06-25,0.688
2019-06-26,0.664
2019-06-27,0.657
2019-06-28,0.649
2019-06-29,0.646
2019-06-30,0.688
2019-07-01,0.715
2019-07-02,0.64
2019-07-03,0.641
2019-07-04,0.637
2019-07-05,0.635
2019-07-06,0.635
2019-07-07,0.676
2019-07-08,0.632
2019-07-09,0.64
2019-07-10,0.637
2019-07-11,0.638
2019-07-12,0.635
2019-07-13,0.636
2019-07-14,0.628
2019-07-15,0.64
2019-07-16,0.644
2019-07-17,0.645
2019-07-18,0.672
2019-07-19,0.763
2019-07-20,0.696
2019-07-21,0.648
2019-07-22,0.628
2019-07-23,0.624
2019-07-24,0.615
2019-07-25,0.587
2019-07-26,0.735
2019-07-27,0.838
2019-07-28,0.792
2019-07-29,0.769
2019-07-30,0.958
2019-07-31,0.65
2019-08-01,0.612
2019-08-02,0.612
2019-08-03,0.611
2019-08-04,0.621
2019-08-05,0.624
2019-08-06,0.645
2019-08-07,0.618
2019-08-08,0.619
2019-08-09,0.773
2019-08-10,0.644
2019-08-11,0.634
2019-08-12,0.624
2019-08-13,0.609
2019-08-14,0.7
2019-08-15,0.637
2019-08-16,0.735
2019-08-17,0.653
2019-08-18,0.645
2019-08-19,0.612
2019-08-20,0.533
2019-08-21,0.527
2019-08-22,0.516
2019-08-23,0.517
2019-08-24,0.511
2019-08-25,0.504
2019-08-26,0.5
2019-08-27,0.358
2019-08-28,0.457
2019-08-29,0.483
2019-08-30,0.536
2019-08-31,0.591
2019-09-01,0.593
2019-09-02,0.59
2019-09-03,0.606
2019-09-04,0.609
2019-09-05,0.578
2019-09-06,0.579
2019-09-07,0.578
2019-09-08,0.574
2019-09-09,0.576
2019-09-10,0.573
2019-09-11,0.565
2019-09-12,0.562
2019-09-13,0.569
2019-09-14,0.572
2019-09-15,0.566
2019-09-16,0.577
2019-09-17,0.579
2019-09-18,0.56
2019-09-19,0.561
2019-09-20,0.561
2019-09-21,0.552
2019-09-22,0.633
2019-09-23,0.649
2019-09-24,1.312
2019-09-25,0.801
2019-09-26,0.76
2019-09-27,0.747
2019-09-28,0.906
2019-09-29,0.935
2019-09-30,0.94
2019-10-01,1.186
2019-10-02,0.91
2019-10-03,0.797
2019-10-04,0.749
2019-10-05,0.895
2019-10-06,0.83
2019-10-07,0.757
2019-10-08,0.74
2019-10-09,0.74
2019-10-10,0.702
2019-10-11,0.76
2019-10-12,0.872
2019-10-13,0.803
2019-10-14,0.872
2019-10-15,0.749
2019-10-16,0.741
2019-10-17,0.858
2019-10-18,0.816
2019-10-19,0.754
2019-10-20,0.774
2019-10-21,0.763
2019-10-22,0.76
2019-10-23,0.753
2019-10-24,0.795
2019-10-25,0.789
2019-10-26,0.838
2019-10-27,0.771
2019-10-28,0.702
2019-10-29,0.748
2019-10-30,0.742
2019-10-31,0.741
2019-11-01,0.855
2019-11-02,0.935
2019-11-03,0.791
2019-11-04,0.778
2019-11-05,0.766
2019-11-06,0.898
2019-11-07,0.85
2019-11-08,0.794
2019-11-09,0.943
2019-11-10,0.845
2019-11-11,0.832
2019-11-12,0.803
2019-11-13,1.044
2019-11-14,0.942
2019-11-15,0.856
2019-11-16,0.816
2019-11-17,0.806
2019-11-18,0.803
2019-11-19,0.796
2019-11-20,0.792
2019-11-21,0.827
2019-11-22,0.83
2019-11-23,0.816
2019-11-24,0.74
2019-11-25,0.827
2019-11-26,0.838
2019-11-27,0.808
2019-11-28,0.806
2019-11-29,0.776
2019-11-30,0.759
2019-12-01,0.76
2019-12-02,0.755
2019-12-03,0.749
2019-12-04,0.752
2019-12-05,0.751
2019-12-06,0.838
2019-12-07,0.764
2019-12-08,0.756
2019-12-09,0.749
2019-12-10,0.804
2019-12-11,0.594
2019-12-12,0.861
2019-12-13,0.654
2019-12-14,0.75
2019-12-15,0.803
2019-12-16,0.779
2019-12-17,0.828
2019-12-18,0.921
2019-12-19,1.15
2019-12-20,1.13
2019-12-21,1.148
2019-12-22,1.011
2019-12-23,1.019
2019-12-24,1.0
2019-12-25,1.001
2019-12-26,1.068
2019-12-27,1.022
2019-12-28,1.017
2019-12-29,1.028
2019-12-30,1.041
2019-12-31,1.03
2020-01-01,1.022
2020-01-02,1.047
2020-01-03,1.086
2020-01-04,1.029
2020-01-05,1.025
2020-01-06,1.03
2020-01-07,1.032
2020-01-08,1.046
2020-01-09,1.14
2020-01-10,1.042
2020-01-11,1.065
2020-01-12,1.051
2020-01-13,0.927
2020-01-14,1.192
2020-01-15,1.097
2020-01-16,1.398
2020-01-17,1.221
2020-01-18,1.218
2020-01-19,1.187
2020-01-20,1.179
2020-01-21,1.167
2020-01-22,1.182
2020-01-23,1.172
2020-01-24,1.173
2020-01-25,1.174
2020-01-26,1.242
2020-01-27,1.357
2020-01-28,1.2
2020-01-29,1.205
2020-01-30,1.226
2020-01-31,1.208
2020-02-01,1.25
2020-02-02,1.275
2020-02-03,1.213
2020-02-04,1.185
2020-02-05,1.197
2020-02-06,1.198
2020-02-07,1.206
2020-02-08,1.196
2020-02-09,1.421
2020-02-10,1.349
2020-02-11,1.137
2020-02-12,1.156
2020-02-13,1.186
2020-02-14,1.141
2020-02-15,1.352
2020-02-16,1.735
2020-02-17,1.264
2020-02-18,1.371
2020-02-19,1.285
2020-02-20,1.362
2020-02-21,1.272
2020-02-22,1.293
2020-02-23,1.289
2020-02-24,1.378
2020-02-25,1.291
2020-02-26,1.273
2020-02-27,1.403
2020-02-28,1.619
2020-02-29,1.664
2020-03-01,1.499
2020-03-02,1.48
2020-03-03,1.403
2020-03-04,1.503
2020-03-05,1.601
2020-03-06,1.477
2020-03-07,1.453
2020-03-08,1.474
2020-03-09,1.626
2020-03-10,1.548
2020-03-11,1.496
2020-03-12,1.495
2020-03-13,1.478
2020-03-14,1.496
2020-03-15,1.538
2020-03-16,1.473
2020-03-17,1.465
2020-03-18,1.488
2020-03-19,1.573
2020-03-20,1.665
2020-03-21,1.537
2020-03-22,1.586
2020-03-23,1.548
2020-03-24,1.508
2020-03-25,1.565
2020-03-26,1.638
2020-03-27,1.591
2020-03-28,1.424
2020-03-29,1.41
2020-03-30,1.545
2020-03-31,1.473
2020-04-01,1.501
2020-04-02,1.426
2020-04-03,1.588
2020-04-04,1.602
2020-04-05,1.601
2020-04-06,1.594
2020-04-07,1.571
2020-04-08,1.576
2020-04-09,1.566
2020-04-10,1.574
2020-04-11,1.574
2020-04-12,1.55
2020-04-13,1.579
2020-04-14,1.585
2020-04-15,1.56
2020-04-16,1.571
2020-04-17,1.665
2020-04-18,1.629
2020-04-19,1.576
2020-04-20,1.574
2020-04-21,1.56
2020-04-22,1.547
2020-04-23,1.533
2020-04-24,1.527
2020-04-25,1.53
2020-04-26,1.5
2020-04-27,1.539
2020-04-28,1.608
2020-04-29,1.493
2020-04-30,1.506
2020-05-01,1.522
2020-05-02,1.538
2020-05-03,1.554
2020-05-04,1.567
2020-05-05,1.578
2020-05-06,1.559
2020-05-07,1.557
2020-05-08,1.547
2020-05-09,1.518
2020-05-10,1.527
2020-05-11,1.41
2020-05-12,1.393
2020-05-13,1.489
2020-05-14,1.531
2020-05-15,1.514
2020-05-16,1.327
2020-05-17,1.229
2020-05-18,1.229
2020-05-19,1.399
2020-05-20,1.453
2020-05-21,1.464
2020-05-22,1.475
2020-05-23,1.463
2020-05-24,1.453
2020-05-25,1.434
2020-05-26,1.427
2020-05-27,1.426
2020-05-28,1.438
2020-05-29,1.246
2020-05-30,1.231
2020-05-31,1.234
2020-06-01,1.222
2020-06-02,1.224
2020-06-03,1.229
2020-06-04,1.297
2020-06-05,1.29
2020-06-06,1.37
2020-06-07,1.298
2020-06-08,1.276
2020-06-09,1.273
2020-06-10,1.324
2020-06-11,1.275
2020-06-12,1.3
2020-06-13,1.433
2020-06-14,1.24
2020-06-15,1.305
2020-06-16,1.263
2020-06-17,1.339
2020-06-18,1.543
2020-06-19,1.307
2020-06-20,1.283
2020-06-21,1.289
2020-06-22,1.234
2020-06-23,1.208
2020-06-24,1.194
2020-06-25,1.188
2020-06-26,1.186
2020-06-27,1.232
2020-06-28,1.209
2020-06-29,1.206
2020-06-30,1.228
2020-07-01,1.177
2020-07-02,1.181
2020-07-03,1.182
2020-07-04,1.19
2020-07-05,1.182
2020-07-06,1.158
2020-07-07,1.212
2020-07-08,1.279
2020-07-09,1.26
2020-07-10,1.174
2020-07-11,1.144
2020-07-12,1.142
2020-07-13,1.15
2020-07-14,1.127
2020-07-15,1.133
2020-07-16,1.121
2020-07-17,1.105
2020-07-18,1.11
2020-07-19,1.128
2020-07-20,1.106
2020-07-21,1.108
2020-07-22,1.117
2020-07-23,1.098
2020-07-24,1.089
2020-07-25,1.382
2020-07-26,1.161
2020-07-27,1.155
2020-07-28,1.078
2020-07-29,1.062
2020-07-30,1.038
2020-07-31,1.02
2020-08-01,1.025
2020-08-02,1.026
2020-08-03,1.015
2020-08-04,1.093
2020-08-05,1.211
2020-08-06,1.185
2020-08-07,1.18
2020-08-08,1.243
2020-08-09,1.239
2020-08-10,1.271
2020-08-11,1.367
2020-08-12,1.47
2020-08-13,1.797
2020-08-14,1.484
2020-08-15,1.504
2020-08-16,1.387
2020-08-17,1.463
2020-08-18,1.402
2020-08-19,1.681
2020-08-20,1.411
2020-08-21,1.345
2020-08-22,1.338
2020-08-23,1.337
2020-08-24,1.394
2020-08-25,1.689
2020-08-26,1.412
2020-08-27,1.753
2020-08-28,1.683
2020-08-29,1.53
2020-08-30,1.444
2020-08-31,1.397
2020-09-01,1.366
2020-09-02,1.337
2020-09-03,1.39
2020-09-04,1.322
2020-09-05,1.304
2020-09-06,1.29
2020-09-07,1.311
2020-09-08,1.014
2020-09-09,0.813
2020-09-10,0.875
2020-09-11,0.912
2020-09-12,0.888
2020-09-13,0.879
2020-09-14,0.873
2020-09-15,0.863
2020-09-16,0.862
2020-09-17,0.862
2020-09-18,0.86
2020-09-19,0.853
2020-09-20,0.847
2020-09-21,0.809
2020-09-22,0.854
2020-09-23,1.055
2020-09-24,0.894
2020-09-25,0.854
2020-09-26,0.846
2020-09-27,0.85
2020-09-28,0.85
2020-09-29,0.853
2020-09-30,0.926
2020-10-01,0.913
2020-10-02,1.524
2020-10-03,1.824
2020-10-04,1.735
2020-10-05,1.335
2020-10-06,1.2
2020-10-07,1.223
2020-10-08,1.176
2020-10-09,1.168
2020-10-10,1.089
2020-10-11,1.074
2020-10-12,1.064
2020-10-13,1.061
2020-10-14,1.024
2020-10-15,1.025
2020-10-16,1.016
2020-10-17,0.998
2020-10-18,1.01
2020-10-19,0.982
2020-10-20,1.019
2020-10-21,1.327
2020-10-22,1.039
2020-10-23,1.025
2020-10-24,1.211
2020-10-25,1.069
2020-10-26,1.027
2020-10-27,1.068
2020-10-28,1.036
2020-10-29,1.08
2020-10-30,1.012
2020-10-31,1.256
2020-11-01,1.052
2020-11-02,1.072
2020-11-03,1.165
2020-11-04,1.052
2020-11-05,1.041
2020-11-06,1.031
2020-11-07,1.017
2020-11-08,1.042
2020-11-09,1.051
2020-11-10,1.021
2020-11-11,1.036
2020-11-12,1.015
2020-11-13,1.01
2020-11-14,1.335
2020-11-15,1.266
2020-11-16,1.117
2020-11-17,1.075
2020-11-18,1.075
2020-11-19,1.079
2020-11-20,1.067
2020-11-21,1.051
2020-11-22,1.054
2020-11-23,1.057
2020-11-24,1.045
2020-11-25,1.049
2020-11-26,1.05
2020-11-27,1.051
2020-11-28,1.036
2020-11-29,1.038
2020-11-30,1.035
2020-12-01,1.052
2020-12-02,1.096
2020-12-03,1.29
2020-12-04,1.096
2020-12-05,1.072
2020-12-06,1.07
2020-12-07,1.05
2020-12-08,1.065
2020-12-09,1.047
2020-12-10,1.176
2020-12-11,1.1
2020-12-12,1.069
2020-12-13,1.247
2020-12-14,1.186
2020-12-15,1.13
2020-12-16,1.221
2020-12-17,1.13
2020-12-18,1.163
2020-12-19,1.26
2020-12-20,1.159
2020-12-21,1.357
2020-12-22,1.219
2020-12-23,1.295
2020-12-24,1.181
2020-12-25,1.161
2020-12-26,1.358
2020-12-27,1.381
2020-12-28,1.256
2020-12-29,1.22
2020-12-30,1.208
2020-12-31,1.213
2021-01-01,1.201
2021-01-02,1.192
2021-01-03,1.193
2021-01-04,1.185
2021-01-05,1.181
2021-01-06,1.181
2021-01-07,1.161
2021-01-08,1.178
2021-01-09,1.169
2021-01-10,1.175
2021-01-11,1.241
2021-01-12,1.225
2021-01-13,1.336
2021-01-14,1.599
2021-01-15,1.298
2021-01-16,1.436
2021-01-17,1.277
2021-01-18,1.32
2021-01-19,1.349
2021-01-20,1.446
2021-01-21,1.33
2021-01-22,1.318
2021-01-23,1.299
2021-01-24,1.35
2021-01-25,1.325
2021-01-26,1.385
2021-01-27,1.701
2021-01-28,1.673
2021-01-29,1.732
2021-01-30,1.87
2021-01-31,1.641
2021-02-01,1.818
2021-02-02,1.772
2021-02-03,1.731
2021-02-04,1.758
2021-02-05,1.796
2021-02-06,1.869
2021-02-07,1.702
2021-02-08,1.736
2021-02-09,1.706
2021-02-10,1.63
2021-02-11,1.723
2021-02-12,1.706
2021-02-13,1.728
2021-02-14,1.565
2021-02-15,1.577
2021-02-16,1.558
2021-02-17,1.817
2021-02-18,1.791
2021-02-19,1.738
2021-02-20,1.73
2021-02-21,1.742
2021-02-22,1.592
2021-02-23,1.49
2021-02-24,1.481
2021-02-25,1.484
2021-02-26,1.52
2021-02-27,1.51
2021-02-28,1.526
2021-03-01,1.534
2021-03-02,1.537
2021-03-03,1.598
2021-03-04,1.558
2021-03-05,1.52
2021-03-06,1.527
2021-03-07,1.483
2021-03-08,1.496
2021-03-09,1.487
2021-03-10,1.615
2021-03-11,1.537
2021-03-12,1.569
2021-03-13,1.559
2021-03-14,1.521
2021-03-15,1.465
2021-03-16,1.448
2021-03-17,1.442
2021-03-18,1.449
2021-03-19,1.439
2021-03-20,1.439
2021-03-21,1.425
2021-03-22,1.411
2021-03-23,1.411
2021-03-24,1.408
2021-03-25,1.415
2021-03-26,1.481
2021-03-27,1.411
2021-03-28,1.399
2021-03-29,1.375
2021-03-30,1.366
2021-03-31,1.371
2021-04-01,1.359
2021-04-02,1.351
2021-04-03,1.35
2021-04-04,1.36
2021-04-05,1.348
2021-04-06,1.35
2021-04-07,1.352
2021-04-08,1.346
2021-04-09,1.343
2021-04-10,1.339
2021-04-11,1.33
2021-04-12,1.353
2021-04-13,1.326
2021-04-14,1.318
2021-04-15,1.316
2021-04-16,1.308
2021-04-17,1.306
2021-04-18,1.304
2021-04-19,1.294
2021-04-20,1.284
2021-04-21,1.269
2021-04-22,1.264
2021-04-23,1.256
2021-04-24,1.254
2021-04-25,1.252
2021-04-26,1.258
2021-04-27,1.253
2021-04-28,1.33
2021-04-29,1.254
2021-04-30,1.378
2021-05-01,1.3
2021-05-02,1.277
2021-05-03,1.443
2021-05-04,1.288
2021-05-05,1.279
2021-05-06,1.266
2021-05-07,1.386
2021-05-08,1.481
2021-05-09,1.369
2021-05-10,1.288
2021-05-11,1.259
2021-05-12,1.259
2021-05-13,1.394
2021-05-14,1.271
2021-05-15,1.32
2021-05-16,1.482
2021-05-17,1.374
2021-05-18,1.337
2021-05-19,1.286
2021-05-20,1.251
2021-05-21,1.305
2021-05-22,1.24
2021-05-23,1.347
2021-05-24,1.236
2021-05-25,1.24
2021-05-26,1.231
2021-05-27,1.21
2021-05-28,1.19
2021-05-29,1.213
2021-05-30,1.172
2021-05-31,1.207
2021-06-01,1.357
2021-06-02,1.378
2021-06-03,1.356
2021-06-04,1.312
2021-06-05,1.194
2021-06-06,1.301
2021-06-07,1.315
2021-06-08,1.321
2021-06-09,1.345
2021-06-10,1.295
2021-06-11,1.312
2021-06-12,1.29
2021-06-13,1.302
2021-06-14,1.286
2021-06-15,1.289
2021-06-16,1.285
2021-06-17,1.447
2021-06-18,1.97
2021-06-19,1.486
2021-06-20,1.407
2021-06-21,1.383
2021-06-22,1.363
2021-06-23,1.324
2021-06-24,1.342
2021-06-25,1.35
2021-06-26,1.326
2021-06-27,1.4
2021-06-28,1.362
2021-06-29,1.353
2021-06-30,1.294
2021-07-01,1.302
2021-07-02,1.286
2021-07-03,1.294
2021-07-04,1.393
2021-07-05,1.611
2021-07-06,1.469
2021-07-07,1.337
2021-07-08,1.293
2021-07-09,1.278
2021-07-10,1.266
2021-07-11,1.272
2021-07-12,1.278
2021-07-13,1.244
2021-07-14,1.223
2021-07-15,1.227
2021-07-16,1.214
2021-07-17,1.199
2021-07-18,1.098
2021-07-19,1.164
2021-07-20,1.166
2021-07-21,1.152
2021-07-22,1.17
2021-07-23,1.142
2021-07-24,1.179
2021-07-25,1.174
2021-07-26,1.16
2021-07-27,1.169
2021-07-28,1.289
2021-07-29,1.202
2021-07-30,1.22
2021-07-31,1.229
2021-08-01,1.177
2021-08-02,1.165
2021-08-03,1.158
2021-08-04,1.142
2021-08-05,1.161
2021-08-06,1.151
2021-08-07,1.147
2021-08-08,1.134
2021-08-09,1.133
2021-08-10,1.121
2021-08-11,1.096
2021-08-12,1.11
2021-08-13,1.099
2021-08-14,1.091
2021-08-15,1.087
2021-08-16,1.082
2021-08-17,1.069
2021-08-18,1.075
2021-08-19,1.019
2021-08-20,0.986
2021-08-21,1.119
2021-08-22,1.147
2021-08-23,1.074
2021-08-24,1.002
2021-08-25,1.034
2021-08-26,1.041
2021-08-27,1.014
2021-08-28,1.015
2021-08-29,1.021
2021-08-30,1.024
2021-08-31,1.019
2021-09-01,1.019
2021-09-02,1.007
2021-09-03,1.059
2021-09-04,1.068
2021-09-05,1.05
2021-09-06,1.049
2021-09-07,1.029
2021-09-08,1.034
2021-09-09,1.056
2021-09-10,1.035
2021-09-11,1.015
2021-09-12,0.99
2021-09-13,1.017
2021-09-14,1.111
2021-09-15,1.02
2021-09-16,1.011
2021-09-17,1.03
2021-09-18,1.003
2021-09-19,0.994
2021-09-20,0.996
2021-09-21,1.001
2021-09-22,0.995
2021-09-23,0.987
2021-09-24,0.985
2021-09-25,0.98
2021-09-26,0.978
2021-09-27,1.052
2021-09-28,1.378
2021-09-29,1.071
2021-09-30,1.042
2021-10-01,1.029
2021-10-02,1.276
2021-10-03,1.082
2021-10-04,1.285
2021-10-05,1.137
2021-10-06,1.03
2021-10-07,1.024
2021-10-08,1.014
2021-10-09,1.0
2021-10-10,1.009
2021-10-11,1.001
2021-10-12,1.035
2021-10-13,1.001
2021-10-14,0.984
2021-10-15,0.976
2021-10-16,1.01
2021-10-17,0.966
2021-10-18,0.966
2021-10-19,1.299
2021-10-20,1.465
2021-10-21,1.141
2021-10-22,1.043
2021-10-23,1.011
2021-10-24,1.005
2021-10-25,0.987
2021-10-26,0.971
2021-10-27,0.951
2021-10-28,0.957
2021-10-29,1.064
2021-10-30,1.058
2021-10-31,1.173
2021-11-01,1.02
2021-11-02,0.986
2021-11-03,0.982
2021-11-04,0.951
2021-11-05,0.946
2021-11-06,0.937
2021-11-07,0.933
2021-11-08,0.927
2021-11-09,0.931
2021-11-10,0.925
2021-11-11,0.926
2021-11-12,0.956
2021-11-13,0.908
2021-11-14,0.885
2021-11-15,0.906
2021-11-16,0.91
2021-11-17,0.897
2021-11-18,0.906
2021-11-19,0.906
2021-11-20,0.905
2021-11-21,0.898
2021-11-22,0.892
2021-11-23,0.89
2021-11-24,0.667
2021-11-25,0.81
2021-11-26,0.92
2021-11-27,0.929
2021-11-28,0.883
2021-11-29,0.874
2021-11-30,0.877
2021-12-01,0.89
2021-12-02,0.886
2021-12-03,0.905
2021-12-04,0.943
2021-12-05,0.919
2021-12-06,0.918
2021-12-07,0.955
2021-12-08,0.899
2021-12-09,1.004
2021-12-10,0.932
2021-12-11,0.938
2021-12-12,0.889
2021-12-13,0.887
2021-12-14,0.877
2021-12-15,0.869
2021-12-16,0.863
2021-12-17,0.86
2021-12-18,0.858
2021-12-19,0.856
2021-12-20,0.861
2021-12-21,0.854
2021-12-22,0.844
2021-12-23,0.831
2021-12-24,1.01
2021-12-25,1.004
2021-12-26,0.965
2021-12-27,1.01
2021-12-28,0.936
2021-12-29,0.932
2021-12-30,0.911
2021-12-31,0.934
2022-01-01,0.91
2022-01-02,1.004
2022-01-03,0.903
2022-01-04,0.927
2022-01-05,0.902
2022-01-06,0.913
2022-01-07,0.9
2022-01-08,1.022
2022-01-09,0.908
2022-01-10,0.916
2022-01-11,0.927
2022-01-12,0.904
2022-01-13,0.899
2022-01-14,0.893
2022-01-15,0.887
2022-01-16,0.873
2022-01-17,0.864
2022-01-18,0.87
2022-01-19,0.869
2022-01-20,0.862
2022-01-21,0.858
2022-01-22,0.859
2022-01-23,0.858
2022-01-24,0.863
2022-01-25,0.873
2022-01-26,0.869
2022-01-27,0.866
2022-01-28,0.861
2022-01-29,0.854
2022-01-30,0.849
2022-01-31,0.848
2022-02-01,0.848
2022-02-02,0.845
2022-02-03,0.85
2022-02-04,0.927
2022-02-05,0.892
2022-02-06,0.897
2022-02-07,0.864
2022-02-08,0.821
2022-02-09,0.845
2022-02-10,0.873
2022-02-11,0.794
2022-02-12,0.856
2022-02-13,0.989
2022-02-14,0.743
2022-02-15,0.986
2022-02-16,0.749
2022-02-17,0.85
2022-02-18,0.907
2022-02-19,0.842
2022-02-20,0.966
2022-02-21,0.955
2022-02-22,0.93
2022-02-23,0.916
2022-02-24,0.968
2022-02-25,0.919
2022-02-26,0.902
2022-02-27,0.894
2022-02-28,0.978
2022-03-01,1.025
2022-03-02,0.874
2022-03-03,0.969
2022-03-04,0.941
2022-03-05,0.818
2022-03-06,0.819
2022-03-07,0.901
2022-03-08,0.917
2022-03-09,0.91
2022-03-10,0.91
2022-03-11,0.964
2022-03-12,0.92
2022-03-13,0.784
2022-03-14,0.891
2022-03-15,0.92
2022-03-16,1.117
2022-03-17,0.918
2022-03-18,0.926
2022-03-19,0.951
2022-03-20,0.913
2022-03-21,0.937
2022-03-22,0.887
2022-03-23,0.926
2022-03-24,0.931
2022-03-25,0.923
2022-03-26,0.913
2022-03-27,0.904
2022-03-28,0.93
2022-03-29,0.913
2022-03-30,0.924
2022-03-31,0.931
2022-04-01,0.925
2022-04-02,0.919
2022-04-03,0.925
2022-04-04,0.964
2022-04-05,0.92
2022-04-06,0.997
2022-04-07,0.941
2022-04-08,0.922
2022-04-09,0.882
2022-04-10,0.917
2022-04-11,0.911
2022-04-12,0.909
2022-04-13,0.905
2022-04-14,0.902
2022-04-15,0.9
2022-04-16,0.899
2022-04-17,0.9
2022-04-18,0.895
2022-04-19,0.876
2022-04-20,0.878
2022-04-21,0.875
2022-04-22,0.881
2022-04-23,0.874
2022-04-24,0.875
2022-04-25,0.827
2022-04-26,0.77
2022-04-27,0.875
2022-04-28,0.898
2022-04-29,0.819
2022-04-30,0.795
2022-05-01,0.891
2022-05-02,0.886
2022-05-03,0.906
2022-05-04,0.901
2022-05-05,0.855
2022-05-06,0.88
2022-05-07,0.883
2022-05-08,0.87
2022-05-09,0.869
2022-05-10,0.84
2022-05-11,0.875
2022-05-12,0.831
2022-05-13,0.826
2022-05-14,0.843
2022-05-15,0.969
2022-05-16,0.923
2022-05-17,0.888
2022-05-18,0.939
2022-05-19,0.886
2022-05-20,0.883
2022-05-21,0.869
2022-05-22,0.859
2022-05-23,0.892
2022-05-24,0.895
2022-05-25,0.917
2022-05-26,0.938
2022-05-27,0.936
2022-05-28,0.93
2022-05-29,0.914
2022-05-30,0.955
2022-05-31,1.1
2022-06-01,0.936
2022-06-02,0.927
2022-06-03,0.92
2022-06-04,0.988
2022-06-05,1.137
2022-06-06,1.027
2022-06-07,0.981
2022-06-08,0.966
2022-06-09,0.956
2022-06-10,0.924
2022-06-11,0.913
2022-06-12,0.908
2022-06-13,0.899
2022-06-14,0.912
2022-06-15,0.883
2022-06-16,0.885
2022-06-17,0.872
2022-06-18,0.877
2022-06-19,0.863
2022-06-20,0.856
2022-06-21,0.806
2022-06-22,0.815
2022-06-23,0.801
2022-06-24,0.767
2022-06-25,0.941
2022-06-26,0.839
2022-06-27,0.862
2022-06-28,0.804
2022-06-29,0.802
2022-06-30,0.826
2022-07-01,0.781
2022-07-02,0.806
2022-07-03,0.768
2022-07-04,0.762
2022-07-05,0.761
2022-07-06,0.76
2022-07-07,0.753
2022-07-08,0.744
2022-07-09,0.744
2022-07-10,0.769
2022-07-11,0.785
2022-07-12,0.782
2022-07-13,0.786
2022-07-14,0.79
2022-07-15,0.79
2022-07-16,0.779
2022-07-17,0.759
2022-07-18,0.821
2022-07-19,0.804
2022-07-20,0.827
2022-07-21,0.797
2022-07-22,0.799
2022-07-23,0.798
2022-07-24,0.787
2022-07-25,0.817
2022-07-26,0.828
2022-07-27,0.828
2022-07-28,0.805
2022-07-29,0.803
2022-07-30,0.804
2022-07-31,0.803
2022-08-01,0.797
2022-08-02,0.794
2022-08-03,0.786
2022-08-04,0.793
2022-08-05,0.738
2022-08-06,0.712
2022-08-07,0.712
2022-08-08,0.713
2022-08-09,0.707
2022-08-10,0.708
2022-08-11,0.698
2022-08-12,0.694
2022-08-13,0.684
2022-08-14,0.695
2022-08-15,0.693
2022-08-16,0.726
2022-08-17,0.712
2022-08-18,0.721
2022-08-19,0.728
2022-08-20,0.726
2022-08-21,0.697
2022-08-22,0.689
2022-08-23,0.689
2022-08-24,0.709
2022-08-25,0.985
2022-08-26,0.727
2022-08-27,0.72
2022-08-28,0.686
2022-08-29,0.685
2022-08-30,0.689
2022-08-31,0.578
2022-09-01,0.579
2022-09-02,0.662
2022-09-03,0.664
2022-09-04,0.721
2022-09-05,0.782
2022-09-06,0.792
2022-09-07,0.734
2022-09-08,0.794
2022-09-09,0.964
2022-09-10,0.765
2022-09-11,0.722
2022-09-12,0.717
2022-09-13,0.734
2022-09-14,0.718
2022-09-15,0.706
2022-09-16,0.704
2022-09-17,0.711
2022-09-18,0.721
2022-09-19,0.723
2022-09-20,0.713
2022-09-21,0.706
2022-09-22,0.713
2022-09-23,0.723
2022-09-24,0.71
2022-09-25,0.748
2022-09-26,0.705
2022-09-27,0.754
2022-09-28,0.727
2022-09-29,0.723
2022-09-30,0.933
2022-10-01,0.773
2022-10-02,0.75
2022-10-03,0.755
2022-10-04,0.642
2022-10-05,0.663
2022-10-06,0.651
2022-10-07,0.664
2022-10-08,0.748
2022-10-09,0.735
2022-10-10,0.756
2022-10-11,0.715
2022-10-12,0.715
2022-10-13,0.707
2022-10-14,0.728
2022-10-15,0.687
2022-10-16,0.869
2022-10-17,0.772
2022-10-18,0.74
2022-10-19,0.729
2022-10-20,0.79
2022-10-21,0.815
2022-10-22,0.779
2022-10-23,1.506
2022-10-24,0.994
2022-10-25,0.877
2022-10-26,0.699
2022-10-27,0.678
2022-10-28,0.674
2022-10-29,0.685
2022-10-30,0.695
2022-10-31,0.852
2022-11-01,0.971
2022-11-02,0.904
2022-11-03,0.939
2022-11-04,0.741
2022-11-05,0.776
2022-11-06,0.9
2022-11-07,0.783
2022-11-08,0.795
2022-11-09,0.765
2022-11-10,0.747
2022-11-11,0.741
2022-11-12,0.727
2022-11-13,0.715
2022-11-14,0.709
2022-11-15,1.013
2022-11-16,1.012
2022-11-17,0.935
2022-11-18,0.785
2022-11-19,0.774
2022-11-20,0.775
2022-11-21,0.948
2022-11-22,0.785
2022-11-23,0.921
2022-11-24,0.86
2022-11-25,0.766
2022-11-26,0.822
2022-11-27,0.796
2022-11-28,0.729
2022-11-29,0.789
2022-11-30,0.762
2022-12-01,0.755
2022-12-02,0.745
2022-12-03,0.725
2022-12-04,0.717
2022-12-05,0.708
2022-12-06,0.706
2022-12-07,0.704
2022-12-08,0.696
2022-12-09,0.698
2022-12-10,0.697
2022-12-11,0.693
2022-12-12,0.697
2022-12-13,0.702
2022-12-14,0.692
2022-12-15,0.684
2022-12-16,0.675
2022-12-17,0.668
2022-12-18,0.849
2022-12-19,0.854
2022-12-20,0.778
2022-12-21,0.729
2022-12-22,0.736
2022-12-23,1.01
2022-12-24,0.766
2022-12-25,0.77
2022-12-26,0.753
2022-12-27,0.778
2022-12-28,0.857
2022-12-29,0.772
2022-12-30,0.822
2022-12-31,1.152
2023-01-01,1.019
2023-01-02,0.883
2023-01-03,0.897
2023-01-04,0.879
2023-01-05,0.872
2023-01-06,0.858
2023-01-07,0.891
2023-01-08,0.972
2023-01-09,0.894
2023-01-10,1.016
2023-01-11,1.096
2023-01-12,0.908
2023-01-13,1.048
2023-01-14,1.024
2023-01-15,1.098
2023-01-16,1.15
2023-01-17,1.092
2023-01-18,1.079
2023-01-19,1.069
2023-01-20,1.058
2023-01-21,1.05
2023-01-22,1.047
2023-01-23,1.046
2023-01-24,1.045
2023-01-25,1.051
2023-01-26,1.047
2023-01-27,1.043
2023-01-28,1.039
2023-01-29,1.036
2023-01-30,1.029
2023-01-31,1.037
2023-02-01,1.032
2023-02-02,1.028
2023-02-03,1.036
2023-02-04,1.044
2023-02-05,1.046
2023-02-06,1.055
2023-02-07,1.055
2023-02-08,1.053
2023-02-09,1.055
2023-02-10,1.071
2023-02-11,1.1
2023-02-12,1.063
2023-02-13,1.057
2023-02-14,1.058
2023-02-15,1.05
2023-02-16,1.05
2023-02-17,1.035
2023-02-18,1.033
2023-02-19,1.038
2023-02-20,1.035
2023-02-21,1.047
2023-02-22,1.05
2023-02-23,1.042
2023-02-24,1.042
2023-02-25,1.035
2023-02-26,1.025
2023-02-27,0.997
2023-02-28,1.04
2023-03-01,1.048
2023-03-02,1.043
2023-03-03,1.05
2023-03-04,1.06
2023-03-05,1.07
2023-03-06,1.077
2023-03-07,1.042
2023-03-08,1.158
2023-03-09,1.204
2023-03-10,1.168
2023-03-11,1.128
2023-03-12,1.131
2023-03-13,1.19
2023-03-14,1.199
2023-03-15,1.296
2023-03-16,1.232
2023-03-17,1.233
2023-03-18,1.349
2023-03-19,1.201
2023-03-20,1.194
2023-03-21,1.095
2023-03-22,1.257
2023-03-23,1.251
2023-03-24,1.185
2023-03-25,1.154
2023-03-26,1.175
2023-03-27,1.112
2023-03-28,1.144
2023-03-29,1.152
2023-03-30,1.316
2023-03-31,1.367
2023-04-01,1.237
2023-04-02,1.195
2023-04-03,1.172
2023-04-04,1.167
2023-04-05,1.192
2023-04-06,1.169
2023-04-07,1.15
2023-04-08,1.143
2023-04-09,1.144
2023-04-10,1.294
2023-04-11,1.339
2023-04-12,1.346
2023-04-13,1.254
2023-04-14,1.343
2023-04-15,1.238
2023-04-16,1.207
2023-04-17,1.201
2023-04-18,1.198
2023-04-19,1.196
2023-04-20,1.213
2023-04-21,1.171
2023-04-22,1.161
2023-04-23,1.249
2023-04-24,1.299
2023-04-25,1.196
2023-04-26,1.169
2023-04-27,1.271
2023-04-28,1.192
2023-04-29,1.176
2023-04-30,1.156
2023-05-01,1.162
2023-05-02,1.144
2023-05-03,1.134
2023-05-04,1.137
2023-05-05,1.175
2023-05-06,1.461
2023-05-07,1.353
2023-05-08,1.617
2023-05-09,1.684
2023-05-10,1.554
2023-05-11,1.562
2023-05-12,1.471
2023-05-13,1.457
2023-05-14,1.458
2023-05-15,1.477
2023-05-16,1.447
2023-05-17,1.436
2023-05-18,1.484
2023-05-19,1.493
2023-05-20,1.495
2023-05-21,1.501
2023-05-22,1.525
2023-05-23,1.535
2023-05-24,1.181
2023-05-25,1.123
2023-05-26,1.102
2023-05-27,1.102
2023-05-28,1.199
2023-05-29,1.224
2023-05-30,1.169
2023-05-31,1.162
2023-06-01,1.156
2023-06-02,1.153
2023-06-03,1.147
2023-06-04,1.141
2023-06-05,1.143
2023-06-06,1.148
2023-06-07,1.122
2023-06-08,0.927
2023-06-09,1.078
2023-06-10,1.098
2023-06-11,1.142
2023-06-12,1.114
2023-06-13,1.097
2023-06-14,1.125
2023-06-15,1.149
2023-06-16,1.174
2023-06-17,1.164
2023-06-18,1.186
2023-06-19,1.214
2023-06-20,1.383
2023-06-21,1.243
2023-06-22,1.228
2023-06-23,1.214
2023-06-24,1.203
2023-06-25,1.204
2023-06-26,1.203
2023-06-27,1.176
2023-06-28,1.153
2023-06-29,1.049
2023-06-30,1.033
2023-07-01,0.999
2023-07-02,1.027
2023-07-03,1.007
2023-07-04,1.208
2023-07-05,1.092
2023-07-06,1.052
2023-07-07,1.084
2023-07-08,1.052
2023-07-09,1.004
2023-07-10,1.031
2023-07-11,1.036
2023-07-12,1.011
2023-07-13,1.02
2023-07-14,1.315
2023-07-15,1.131
2023-07-16,1.086
2023-07-17,1.075
2023-07-18,1.054
2023-07-19,0.983
2023-07-20,0.827
2023-07-21,1.005
2023-07-22,1.257
2023-07-23,1.158
2023-07-24,1.108
2023-07-25,1.087
2023-07-26,1.285
2023-07-27,1.132
2023-07-28,1.077
2023-07-29,1.053
2023-07-30,1.072
2023-07-31,0.935
2023-08-01,1.038
2023-08-02,1.203
2023-08-03,1.087
2023-08-04,1.051
2023-08-05,1.129
2023-08-06,1.079
2023-08-07,1.023
2023-08-08,1.062
2023-08-09,1.066
2023-08-10,0.893
2023-08-11,0.772
2023-08-12,0.758
2023-08-13,0.771
2023-08-14,0.797
2023-08-15,0.734
2023-08-16,0.898
2023-08-17,0.955
2023-08-18,1.002
2023-08-19,0.98
2023-08-20,0.96
2023-08-21,0.937
2023-08-22,0.932
2023-08-23,0.916
2023-08-24,0.914
2023-08-25,0.918
2023-08-26,1.029
2023-08-27,0.943
2023-08-28,0.903
2023-08-29,0.91
2023-08-30,0.901
2023-08-31,0.97
2023-09-01,0.969
2023-09-02,0.899
2023-09-03,0.89
2023-09-04,0.887
2023-09-05,0.854
2023-09-06,0.835
2023-09-07,0.854
2023-09-08,0.859
2023-09-09,0.822
2023-09-10,0.852
2023-09-11,0.868
2023-09-12,0.907
2023-09-13,0.871
2023-09-14,0.851
2023-09-15,0.857
2023-09-16,0.853
2023-09-17,0.963
2023-09-18,0.904
2023-09-19,0.872
2023-09-20,1.513
2023-09-21,1.162
2023-09-22,1.022
2023-09-23,0.968
2023-09-24,0.942
2023-09-25,0.925
2023-09-26,0.916
2023-09-27,0.904
2023-09-28,0.995
2023-09-29,0.95
2023-09-30,0.898
2023-10-01,0.891
2023-10-02,0.927
2023-10-03,0.893
2023-10-04,0.872
2023-10-05,0.841
2023-10-06,0.881
2023-10-07,0.881
2023-10-08,0.877
2023-10-09,0.857
2023-10-10,0.876
2023-10-11,0.939
2023-10-12,1.094
2023-10-13,1.184
2023-10-14,0.961
2023-10-15,0.926
2023-10-16,0.901
2023-10-17,0.891
2023-10-18,1.075
2023-10-19,1.529
2023-10-20,1.273
2023-10-21,1.091
2023-10-22,1.014
2023-10-23,0.993
2023-10-24,0.978
2023-10-25,0.971
2023-10-26,0.991
2023-10-27,0.952
2023-10-28,1.34
2023-10-29,1.236
2023-10-30,1.062
2023-10-31,1.051
2023-11-01,1.304
2023-11-02,1.324
2023-11-03,1.132
2023-11-04,1.202
2023-11-05,1.091
2023-11-06,1.061
2023-11-07,1.05
2023-11-08,1.176
2023-11-09,1.096
2023-11-10,1.135
2023-11-11,1.054
2023-11-12,1.182
2023-11-13,1.297
2023-11-14,1.224
2023-11-15,1.101
2023-11-16,1.079
2023-11-17,1.09
2023-11-18,1.196
2023-11-19,1.094
2023-11-20,1.072
2023-11-21,1.056
2023-11-22,1.055
2023-11-23,1.05
2023-11-24,1.044
2023-11-25,1.044
2023-11-26,1.071
2023-11-27,1.115
2023-11-28,1.06
2023-11-29,1.052
2023-11-30,1.042
2023-12-01,1.032
2023-12-02,1.022
2023-12-03,1.209
2023-12-04,1.186
2023-12-05,1.138
2023-12-06,1.095
2023-12-07,1.213
2023-12-08,1.144
2023-12-09,1.515
2023-12-10,1.311
2023-12-11,1.28
2023-12-12,1.451
2023-12-13,1.291
2023-12-14,1.244
2023-12-15,1.221
2023-12-16,1.213
2023-12-17,1.213
2023-12-18,1.231
2023-12-19,1.438
2023-12-20,1.278
2023-12-21,1.27
2023-12-22,1.252
2023-12-23,1.245
2023-12-24,1.241
2023-12-25,1.286
2023-12-26,1.262
2023-12-27,1.381
2023-12-28,1.303
2023-12-29,1.279
2023-12-30,1.476
2023-12-31,1.543
2024-01-01,1.607
2024-01-02,1.709
2024-01-03,1.548
2024-01-04,1.978
2024-01-05,1.726
2024-01-06,1.629
2024-01-07,1.615
2024-01-08,1.605
2024-01-09,1.607
2024-01-10,1.612
2024-01-11,1.591
2024-01-12,1.589
2024-01-13,1.587
2024-01-14,1.587
2024-01-15,1.576
2024-01-16,1.571
2024-01-17,1.573
2024-01-18,1.551
2024-01-19,1.542
2024-01-20,1.544
2024-01-21,1.771
2024-01-22,1.655
2024-01-23,1.663
2024-01-24,1.602
2024-01-25,1.631
2024-01-26,1.63
2024-01-27,1.595
2024-01-28,1.593
2024-01-29,1.588
2024-01-30,1.573
2024-01-31,1.57
2024-02-01,1.565
2024-02-02,1.565
2024-02-03,1.569
2024-02-04,1.563
2024-02-05,1.562
2024-02-06,1.763
2024-02-07,1.673
2024-02-08,2.244
2024-02-09,2.117
2024-02-10,1.866
2024-02-11,1.771
2024-02-12,1.722
2024-02-13,1.75
2024-02-14,1.725
2024-02-15,1.75
2024-02-16,1.737
2024-02-17,1.929
2024-02-18,2.05
2024-02-19,1.906
2024-02-20,1.909
2024-02-21,2.034
2024-02-22,2.23
2024-02-23,2.058
2024-02-24,1.968
2024-02-25,2.048
2024-02-26,1.992
2024-02-27,1.979
2024-02-28,1.995
2024-02-29,2.207
2024-03-01,2.361
2024-03-02,2.236
2024-03-03,2.017
2024-03-04,2.102
2024-03-05,2.063
2024-03-06,2.066
2024-03-07,2.067
2024-03-08,2.082
2024-03-09,2.094
2024-03-10,2.235
2024-03-11,2.113
2024-03-12,2.485
2024-03-13,2.235
2024-03-14,2.199
2024-03-15,2.198
2024-03-16,2.076
2024-03-17,2.031
2024-03-18,1.911
2024-03-19,1.888
2024-03-20,1.871
2024-03-21,1.885
2024-03-22,1.851
2024-03-23,1.853
2024-03-24,1.854
2024-03-25,1.861
2024-03-26,2.066
2024-03-27,2.109
2024-03-28,2.229
2024-03-29,2.031
2024-03-30,1.944
2024-03-31,1.912
2024-04-01,1.923
2024-04-02,2.025
2024-04-03,1.965
2024-04-04,2.041
2024-04-05,2.115
2024-04-06,2.104
2024-04-07,2.05
2024-04-08,2.052
2024-04-09,2.079
2024-04-10,2.057
2024-04-11,2.021
2024-04-12,2.023
2024-04-13,2.016
2024-04-14,2.05
2024-04-15,2.06
2024-04-16,2.039
2024-04-17,1.969
2024-04-18,2.002
2024-04-19,2.017
2024-04-20,1.971
2024-04-21,1.925
2024-04-22,1.968
2024-04-23,1.99
2024-04-24,1.984
2024-04-25,1.981
2024-04-26,1.979
2024-04-27,2.182
2024-04-28,2.238
2024-04-29,1.973
2024-04-30,2.032
2024-05-01,1.993
2024-05-02,2.12
2024-05-03,2.078
2024-05-04,2.01
2024-05-05,1.976
2024-05-06,1.997
2024-05-07,1.908
2024-05-08,1.931
2024-05-09,1.862
2024-05-10,1.861
2024-05-11,1.873
2024-05-12,1.862
2024-05-13,1.879
2024-05-14,1.904
2024-05-15,1.861
2024-05-16,1.912
2024-05-17,1.859
2024-05-18,1.832
2024-05-19,1.795
2024-05-20,1.794
2024-05-21,2.023
2024-05-22,2.021
2024-05-23,1.923
2024-05-24,1.933
2024-05-25,1.945
2024-05-26,2.01
2024-05-27,1.959
2024-05-28,1.997
2024-05-29,2.007
2024-05-30,1.943
2024-05-31,1.814
2024-06-01,1.781
2024-06-02,1.776
2024-06-03,1.757
2024-06-04,1.767
2024-06-05,1.749
2024-06-06,1.732
2024-06-07,1.72
2024-06-08,1.712
2024-06-09,1.75
2024-06-10,1.772
2024-06-11,1.733
2024-06-12,1.717
2024-06-13,1.741
2024-06-14,1.777
2024-06-15,1.803
2024-06-16,1.741
2024-06-17,1.721
2024-06-18,1.736
2024-06-19,1.727
2024-06-20,1.712
2024-06-21,1.751
2024-06-22,1.766
2024-06-23,1.774
2024-06-24,1.776
2024-06-25,1.712
2024-06-26,1.668
2024-06-27,1.689
2024-06-28,1.723
2024-06-29,1.716
2024-06-30,1.724
2024-07-01,1.752
2024-07-02,1.749
2024-07-03,1.746
2024-07-04,1.726
2024-07-05,1.883
2024-07-06,1.886
2024-07-07,1.751
2024-07-08,1.735
2024-07-09,1.724
2024-07-10,1.63
2024-07-11,1.57
2024-07-12,1.554
2024-07-13,1.531
2024-07-14,1.529
2024-07-15,1.61
2024-07-16,1.536
2024-07-17,1.474
2024-07-18,1.468
2024-07-19,1.467
2024-07-20,1.468
2024-07-21,1.453
2024-07-22,1.431
2024-07-23,1.451
2024-07-24,1.426
2024-07-25,1.445
2024-07-26,1.42
2024-07-27,1.392
2024-07-28,1.411
2024-07-29,1.404
2024-07-30,1.413
2024-07-31,1.393
2024-08-01,1.422
2024-08-02,1.413
2024-08-03,1.39
2024-08-04,1.401
2024-08-05,1.401
2024-08-06,1.41
2024-08-07,1.395
2024-08-08,1.328
2024-08-09,1.283
2024-08-10,1.396
2024-08-11,1.384
2024-08-12,1.336
2024-08-13,1.38
2024-08-14,1.411
2024-08-15,1.375
2024-08-16,1.367
2024-08-17,1.358
2024-08-18,1.351
2024-08-19,1.349
2024-08-20,1.371
2024-08-21,1.365
2024-08-22,1.369
2024-08-23,1.362
2024-08-24,1.522
2024-08-25,1.359
2024-08-26,1.345
2024-08-27,1.333
2024-08-28,1.32
2024-08-29,1.305
2024-08-30,1.287
2024-08-31,1.262
2024-09-01,1.273
2024-09-02,1.292
2024-09-03,1.291
2024-09-04,1.271
2024-09-05,1.471
2024-09-06,1.313
2024-09-07,1.318
2024-09-08,1.41
2024-09-09,1.287
2024-09-10,1.313
2024-09-11,1.283
2024-09-12,1.267
2024-09-13,1.245
2024-09-14,1.238
2024-09-15,1.231
2024-09-16,1.218
2024-09-17,1.21
2024-09-18,1.201
2024-09-19,1.193
2024-09-20,1.188
2024-09-21,1.211
2024-09-22,1.954
2024-09-23,2.062
2024-09-24,1.512
2024-09-25,1.564
2024-09-26,1.983
2024-09-27,1.613
2024-09-28,1.442
2024-09-29,1.49
2024-09-30,1.548
2024-10-01,1.625
2024-10-02,1.503
2024-10-03,1.42
2024-10-04,1.379
2024-10-05,1.355
2024-10-06,1.379
2024-10-07,1.344
2024-10-08,1.525
2024-10-09,1.405
2024-10-10,1.36
2024-10-11,1.333
2024-10-12,1.324
2024-10-13,1.323
2024-10-14,1.462
2024-10-15,1.351
2024-10-16,1.31
2024-10-17,1.319
2024-10-18,1.343
2024-10-19,1.65
2024-10-20,1.4
2024-10-21,1.346
2024-10-22,1.328
2024-10-23,1.313
2024-10-24,1.31
2024-10-25,1.295
2024-10-26,1.287
2024-10-27,1.274
2024-10-28,1.28
2024-10-29,1.279
2024-10-30,1.272
2024-10-31,1.27
2024-11-01,1.264
2024-11-02,1.254
2024-11-03,1.253
2024-11-04,1.257
2024-11-05,1.264
2024-11-06,1.265
2024-11-07,1.27
2024-11-08,1.27
2024-11-09,1.265
2024-11-10,1.255
2024-11-11,1.244
2024-11-12,1.22
2024-11-13,1.249
2024-11-14,1.245
2024-11-15,1.238
2024-11-16,1.237
2024-11-17,1.233
2024-11-18,1.435
2024-11-19,1.425
2024-11-20,1.289
2024-11-21,1.267
2024-11-22,1.254
2024-11-23,1.614
2024-11-24,1.727
2024-11-25,1.484
2024-11-26,1.482
2024-11-27,1.499
2024-11-28,1.391
2024-11-29,1.373
2024-11-30,1.363
2024-12-01,1.39
2024-12-02,1.349
2024-12-03,1.336
2024-12-04,1.426
2024-12-05,1.603
2024-12-06,1.486
2024-12-07,1.779
2024-12-08,1.637
2024-12-09,1.557
2024-12-10,1.501
2024-12-11,1.477
2024-12-12,1.481
2024-12-13,1.487
2024-12-14,1.472
2024-12-15,1.473
2024-12-16,1.466
2024-12-17,1.508
2024-12-18,1.53
2024-12-19,1.487
2024-12-20,1.479
2024-12-21,1.537
2024-12-22,1.548
2024-12-23,1.541
2024-12-24,1.524
2024-12-25,1.518
2024-12-26,1.52
2024-12-27,1.518
2024-12-28,1.522
2024-12-29,1.519
2024-12-30,1.518
2024-12-31,1.541
2025-01-01,1.732
2025-01-02,1.648
2025-01-03,1.649
2025-01-04,1.847
2025-01-05,2.513
2025-01-06,2.144
2025-01-07,1.991
2025-01-08,1.925
2025-01-09,1.881
2025-01-10,1.863
2025-01-11,1.855
2025-01-12,1.625
2025-01-13,1.802
2025-01-14,1.879
2025-01-15,1.873
2025-01-16,1.876
2025-01-17,1.886
2025-01-18,1.88
2025-01-19,1.89
2025-01-20,1.88
2025-01-21,1.872
2025-01-22,1.887
2025-01-23,2.096
2025-01-24,2.051
2025-01-25,1.926
2025-01-26,2.407
2025-01-27,2.249
2025-01-28,2.207
2025-01-29,2.062
2025-01-30,2.056
2025-01-31,2.165
2025-02-01,2.034
2025-02-02,1.985
2025-02-03,2.026
2025-02-04,2.076
2025-02-05,2.046
2025-02-06,2.061
2025-02-07,2.162
2025-02-08,2.112
2025-02-09,2.429
2025-02-10,2.166
2025-02-11,2.115
2025-02-12,1.673
2025-02-13,1.651
2025-02-14,1.647
2025-02-15,1.66
2025-02-16,1.648
2025-02-17,1.639
2025-02-18,1.637
2025-02-19,1.648
2025-02-20,1.688
2025-02-21,1.817
2025-02-22,1.72
2025-02-23,1.816
2025-02-24,1.875
2025-02-25,1.755
2025-02-26,1.986
2025-02-27,1.813
2025-02-28,1.786
2025-03-01,1.759
2025-03-02,1.706
2025-03-03,1.688
2025-03-04,1.661
2025-03-05,1.663
2025-03-06,1.685
2025-03-07,1.704
2025-03-08,1.712
2025-03-09,1.713
2025-03-10,1.714
2025-03-11,1.692
2025-03-12,1.716
2025-03-13,1.685
2025-03-14,1.68
2025-03-15,1.658
2025-03-16,1.672
2025-03-17,1.652
2025-03-18,1.669
2025-03-19,1.663
2025-03-20,1.629
2025-03-21,1.665
2025-03-22,1.711
2025-03-23,1.703
2025-03-24,1.668
2025-03-25,1.648
2025-03-26,1.624
2025-03-27,1.652
2025-03-28,1.647
2025-03-29,1.615
2025-03-30,1.621
2025-03-31,1.603
2025-04-01,1.584
2025-04-02,1.615
2025-04-03,1.61
2025-04-04,1.592
2025-04-05,1.592
2025-04-06,1.593
2025-04-07,1.586
2025-04-08,1.579
2025-04-09,1.567
2025-04-10,1.551
2025-04-11,1.565
2025-04-12,1.572
2025-04-13,1.556
2025-04-14,1.521
2025-04-15,1.674
2025-04-16,1.575
2025-04-17,1.467
2025-04-18,1.552
2025-04-19,1.545
2025-04-20,1.564
2025-04-21,1.601
2025-04-22,1.728
2025-04-23,1.581
2025-04-24,1.574
2025-04-25,1.532
2025-04-26,1.53
2025-04-27,1.484
2025-04-28,1.501
2025-04-29,1.499
2025-04-30,1.484
2025-05-01,1.481
2025-05-02,1.491
2025-05-03,1.464
2025-05-04,1.461
2025-05-05,1.454
2025-05-06,1.448
2025-05-07,1.439
2025-05-08,1.459
2025-05-09,1.448
2025-05-10,1.44
2025-05-11,1.415
2025-05-12,1.445
2025-05-13,1.431
2025-05-14,1.424
2025-05-15,1.431
2025-05-16,1.42
2025-05-17,1.417
2025-05-18,1.418
2025-05-19,1.412
2025-05-20,1.403
2025-05-21,1.42
2025-05-22,1.413
2025-05-23,1.347
2025-05-24,1.367
2025-05-25,1.333
2025-05-26,1.336
2025-05-27,1.502
2025-05-28,1.358
2025-05-29,1.33
2025-05-30,1.317
2025-05-31,1.289
2025-06-01,1.284
2025-06-02,1.292
2025-06-03,1.38
2025-06-04,1.306
2025-06-05,1.374
2025-06-06,1.315
2025-06-07,1.504
2025-06-08,1.325
2025-06-09,1.283
2025-06-10,1.249
2025-06-11,1.265
2025-06-12,1.254
2025-06-13,1.238
2025-06-14,1.208
2025-06-15,1.148
2025-06-16,1.147
2025-06-17,1.151
2025-06-18,1.134
2025-06-19,1.118
2025-06-20,1.14
2025-06-21,1.132
2025-06-22,1.164
2025-06-23,1.154
2025-06-24,1.159
2025-06-25,1.152
2025-06-26,1.153
2025-06-27,1.142
2025-06-28,1.132
2025-06-29,1.122
2025-06-30,1.112
2025-07-01,1.104
2025-07-02,1.085
2025-07-03,1.046
2025-07-04,1.028
2025-07-05,1.026
2025-07-06,1.037
2025-07-07,1.046
2025-07-08,1.021
2025-07-09,1.053
2025-07-10,1.078
2025-07-11,1.052
2025-07-12,1.054
2025-07-13,1.048
2025-07-14,1.055
2025-07-15,1.041
2025-07-16,1.004
2025-07-17,1.05
2025-07-18,1.005
2025-07-19,1.066
2025-07-20,1.071
2025-07-21,1.015
2025-07-22,1.008
2025-07-23,1.049
2025-07-24,1.036
2025-07-25,1.008
2025-07-26,1.005
2025-07-27,1.016
2025-07-28,1.027
2025-07-29,1.014
2025-07-30,1.062
2025-07-31,1.194
2025-08-01,1.041
2025-08-02,1.016
2025-08-03,1.055
2025-08-04,1.041
2025-08-05,0.986
2025-08-06,0.999
2025-08-07,0.989
2025-08-08,0.979
2025-08-09,0.978
2025-08-10,0.967
2025-08-11,0.968
2025-08-12,0.972
2025-08-13,0.978
2025-08-14,0.957
2025-08-15,0.95
2025-08-16,0.932
2025-08-17,0.873
2025-08-18,0.89
2025-08-19,0.924
2025-08-20,0.921
2025-08-21,0.939
2025-08-22,0.871
2025-08-23,0.888
2025-08-24,0.863
2025-08-25,0.858
2025-08-26,0.874
2025-08-27,0.926
2025-08-28,0.969
2025-08-29,1.015
2025-08-30,0.945
2025-08-31,0.905
2025-09-01,1.116
2025-09-02,1.073
2025-09-03,1.278
2025-09-04,1.072
2025-09-05,0.96
2025-09-06,0.946
2025-09-07,0.938
2025-09-08,0.935
2025-09-09,0.919
2025-09-10,1.047
2025-09-11,1.021
2025-09-12,0.972
2025-09-13,0.999
2025-09-14,1.092
2025-09-15,0.986
2025-09-16,0.966
2025-09-17,0.979
2025-09-18,0.975
2025-09-19,0.972
2025-09-20,0.965
2025-09-21,0.957
2025-09-22,0.953
2025-09-23,0.956
2025-09-24,0.913
2025-09-25,0.904
2025-09-26,0.907
2025-09-27,0.9
2025-09-28,0.887
2025-09-29,0.883
2025-09-30,0.877
2025-10-01,0.861
2025-10-02,0.875
2025-10-03,1.05
2025-10-04,0.901
2025-10-05,0.878
2025-10-06,0.882
2025-10-07,0.886
2025-10-08,0.883
2025-10-09,0.881
2025-10-10,0.872
2025-10-11,0.868
2025-10-12,0.866
2025-10-13,0.869
2025-10-14,0.867
2025-10-15,0.853
2025-10-16,0.868
2025-10-17,0.866
2025-10-18,0.872
2025-10-19,0.891
2025-10-20,0.99
2025-10-21,0.869
2025-10-22,0.822
2025-10-23,0.711
2025-10-24,0.606
2025-10-25,0.583
2025-10-26,0.562
2025-10-27,0.716
2025-10-28,0.769
2025-10-29,0.702
2025-10-30,0.808
2025-10-31,0.827
2025-11-01,0.849
2025-11-02,0.796
2025-11-03,0.799
2025-11-04,0.794
2025-11-05,0.791
2025-11-06,0.792
2025-11-07,0.804
2025-11-08,0.789
2025-11-09,0.797
2025-11-10,0.736
2025-11-11,0.832
2025-11-12,0.818
2025-11-13,0.873
2025-11-14,0.986
2025-11-15,0.915
2025-11-16,0.87
2025-11-17,0.851
2025-11-18,0.789
2025-11-19,0.851
2025-11-20,0.843
2025-11-21,0.83
2025-11-22,0.903
2025-11-23,0.924
2025-11-24,0.863
2025-11-25,0.841
2025-11-26,0.862
2025-11-27,0.835
2025-11-28,0.821
2025-11-29,0.914
2025-11-30,0.823
2025-12-01,0.894
2025-12-02,0.842
2025-12-03,0.757
2025-12-04,0.877
2025-12-05,0.884
2025-12-06,0.83
2025-12-07,0.907
2025-12-08,0.965
2025-12-09,1.029
2025-12-10,0.915
2025-12-11,0.893
2025-12-12,0.878
2025-12-13,0.867
2025-12-14,0.862
2025-12-15,0.856
2025-12-16,0.941
2025-12-17,0.909
2025-12-18,1.299
2025-12-19,0.994
2025-12-20,0.891
2025-12-21,0.918
2025-12-22,0.923
2025-12-23,0.913
2025-12-24,0.902
2025-12-25,0.899
2025-12-26,0.888
2025-12-27,0.891
2025-12-28,0.881
2025-12-29,0.839
2025-12-30,0.841
2025-12-31,0.884
2026-01-01,0.885
2026-01-02,0.891
2026-01-03,0.87
2026-01-04,0.855
2026-01-05,0.858
2026-01-06,0.917
2026-01-07,0.878
2026-01-08,1.065
2026-01-09,1.021
2026-01-10,0.927
2026-01-11,0.923
2026-01-12,0.697
2026-01-13,0.898
2026-01-14,0.839
2026-01-15,1.119
2026-01-16,1.007
2026-01-17,0.994
2026-01-18,0.875
2026-01-19,0.831
2026-01-20,0.934
2026-01-21,0.955
2026-01-22,0.904
2026-01-23,0.921
2026-01-24,0.999
2026-01-25,0.931
2026-01-26,1.025
2026-01-27,1.099
2026-01-28,1.105
2026-01-29,1.082
2026-01-30,1.132
2026-01-31,1.03
2026-02-01,1.005
2026-02-02,1.083
2026-02-03,1.166
2026-02-04,1.016
2026-02-05,1.14
2026-02-06,1.124
2026-02-07,1.172
2026-02-08,1.16
2026-02-09,1.191
2026-02-10,1.273
2026-02-11,1.13
2026-02-12,1.259
2026-02-13,1.29
2026-02-14,1.271
2026-02-15,1.452
2026-02-16,1.299
2026-02-17,1.312
2026-02-18,1.383
2026-02-19,1.291
2026-02-20,1.331
2026-02-21,1.316
2026-02-22,1.362
2026-02-23,1.346
2026-02-24,1.314
2026-02-25,1.333
2026-02-26,1.202
2026-02-27,1.363
2026-02-28,1.393
2026-03-01,1.373
2026-03-02,1.348
2026-03-03,1.353
2026-03-04,1.348
2026-03-05,1.352
2026-03-06,1.417
2026-03-07,1.37
2026-03-08,1.347
2026-03-09,1.351
2026-03-10,1.361
2026-03-11,1.368
2026-03-12,1.512
2026-03-13,1.43
2026-03-14,1.405
2026-03-15,1.441
2026-03-16,1.383
2026-03-17,1.379
2026-03-18,1.376
2026-03-19,1.374
2026-03-20,1.346
2026-03-21,1.409
2026-03-22,1.409
2026-03-23,1.418
2026-03-24,1.429
2026-03-25,1.409
2026-03-26,1.394
2026-03-27,1.399
2026-03-28,1.355
2026-03-29,1.366
2026-03-30,1.347
2026-03-31,1.341
2026-04-01,1.35
2026-04-02,1.352
2026-04-03,1.355
2026-04-04,1.351
2026-04-05,1.347
2026-04-06,1.346
2026-04-07,1.335
2026-04-08,1.328
2026-04-09,1.348
2026-04-10,1.36
2026-04-11,1.349
2026-04-12,1.35
2026-04-13,1.351
2026-04-14,1.344
2026-04-15,1.339
2026-04-16,1.333
2026-04-17,1.323
2026-04-18,1.325
2026-04-19,1.322
2026-04-20,1.324
2026-04-21,1.327
2026-04-22,1.329
2026-04-23,1.328
2026-04-24,1.327
2026-04-25,1.321
2026-04-26,1.317
2026-04-27,1.314
2026-04-28,1.311
2026-04-29,1.268
2026-04-30,1.311
2026-05-01,1.316
2026-05-02,1.311
2026-05-03,1.334
2026-05-04,1.301
2026-05-05,1.29
2026-05-06,1.281
2026-05-07,1.253
2026-05-08,1.279
2026-05-09,1.266
2026-05-10,1.258
2026-05-11,1.268
2026-05-12,1.263
2026-05-13,1.313
2026-05-14,1.297
2026-05-15,1.297
2026-05-16,1.272
2026-05-17,1.261
2026-05-18,1.272
2026-05-19,1.302
2026-05-20,1.257
2026-05-21,1.245
2026-05-22,1.238
2026-05-23,1.222
2026-05-24,1.212
2026-05-25,1.138
2026-05-26,1.158
2026-05-27,1.172
2026-05-28,1.173
2026-05-29,1.138
2026-05-30,1.161
2026-05-31,1.161
2026-06-01,1.283
2026-06-02,1.442
2026-06-03,1.311
2026-06-04,1.275
2026-06-05,1.212
2026-06-06,1.297
2026-06-07,1.217
2026-06-08,1.345
2026-06-09,1.224
2026-06-10,1.244
2026-06-11,1.247
2026-06-12,1.226
2026-06-13,1.183
2026-06-14,1.178
2026-06-15,1.169
2026-06-16,1.118
2026-06-17,1.105
2026-06-18,1.107
2026-06-19,1.092
2026-06-20,1.089
2026-06-21,1.082
2026-06-22,1.349
2026-06-23,1.347
2026-06-24,1.181
2026-06-25,1.144
2026-06-26,1.129
2026-06-27,1.111
2026-06-28,1.103
2026-06-29,1.094
2026-06-30,1.098
2026-07-01,1.086
2026-07-02,1.072
2026-07-03,1.062
2026-07-04,1.053
2026-07-05,1.049
2026-07-06,0.999
2026-07-07,0.989
2026-07-08,0.991
2026-07-09,0.985
2026-07-10,0.973
2026-07-11,0.944
2026-07-12,0.952
2026-07-13,0.954
2026-07-14,0.955
2026-07-15,0.941
2026-07-16,0.933
2026-07-17,0.927
2026-07-18,0.927
2026-07-19,0.929
2026-07-20,0.923
2026-07-21,0.921
2026-07-22,0.915
2026-07-23,0.917
2026-07-24,0.9
2026-07-25,0.875
2026-07-26,0.915
2026-07-27,0.893
2026-07-28,0.891
2026-07-29,0.881
