date,streamflow
2016-01-01,1.85
2016-01-02,2.289
2016-01-03,5.83
2016-01-04,7.52
2016-01-05,4.99
2016-01-06,2.514
2016-01-07,6.46
2016-01-08,6.62
2016-01-09,3.571
2016-01-10,3.047
2016-01-11,6.045
2016-01-12,7.43
2016-01-13,4.11
2016-01-14,2.395
2016-01-15,1.969
2016-01-16,1.369
2016-01-17,1.388
2016-01-18,1.267
2016-01-19,1.192
2016-01-20,1.043
2016-01-21,1.065
2016-01-22,0.936
2016-01-23,1.075
2016-01-24,1.318
2016-01-25,1.532
2016-01-26,1.439
2016-01-27,1.292
2016-01-28,1.131
2016-01-29,0.954
2016-01-30,1.0
2016-01-31,1.083
2016-02-01,1.032
2016-02-02,0.945
2016-02-03,0.867
2016-02-04,0.851
2016-02-05,0.879
2016-02-06,0.973
2016-02-07,1.463
2016-02-08,2.846
2016-02-09,2.062
2016-02-10,1.299
2016-02-11,1.007
2016-02-12,0.97
2016-02-13,0.982
2016-02-14,0.923
2016-02-15,0.815
2016-02-16,0.749
2016-02-17,0.749
2016-02-18,0.808
2016-02-19,0.832
2016-02-20,0.892
2016-02-21,0.904
2016-02-22,0.912
2016-02-23,0.858
2016-02-24,0.799
2016-02-25,0.759
2016-02-26,0.744
2016-02-27,0.72
2016-02-28,0.691
2016-02-29,0.665
2016-03-01,0.768
2016-03-02,0.892
2016-03-03,1.519
2016-03-04,2.899
2016-03-05,2.639
2016-03-06,1.629
2016-03-07,1.267
2016-03-08,1.177
2016-03-09,4.458
2016-03-10,4.441
2016-03-11,2.217
2016-03-12,1.527
2016-03-13,1.375
2016-03-14,1.191
2016-03-15,1.088
2016-03-16,1.013
2016-03-17,0.947
2016-03-18,0.906
2016-03-19,0.874
2016-03-20,0.844
2016-03-21,0.814
2016-03-22,0.786
2016-03-23,0.773
2016-03-24,0.713
2016-03-25,0.903
2016-03-26,0.899
2016-03-27,0.997
2016-03-28,3.134
2016-03-29,4.138
2016-03-30,2.231
2016-03-31,1.681
2016-04-01,2.09
2016-04-02,1.592
2016-04-03,1.416
2016-04-04,1.376
2016-04-05,1.192
2016-04-06,1.015
2016-04-07,0.938
2016-04-08,0.812
2016-04-09,0.866
2016-04-10,0.828
2016-04-11,1.153
2016-04-12,4.7
2016-04-13,3.888
2016-04-14,1.916
2016-04-15,3.785
2016-04-16,6.562
2016-04-17,4.007
2016-04-18,2.222
2016-04-19,1.549
2016-04-20,1.31
2016-04-21,1.142
2016-04-22,1.079
2016-04-23,0.998
2016-04-24,0.914
2016-04-25,0.813
2016-04-26,0.752
2016-04-27,0.68
2016-04-28,0.558
2016-04-29,0.588
2016-04-30,0.578
2016-05-01,0.543
2016-05-02,0.536
2016-05-03,0.533
2016-05-04,0.516
2016-05-05,0.493
2016-05-06,0.479
2016-05-07,0.494
2016-05-08,0.455
2016-05-09,0.412
2016-05-10,0.548
2016-05-11,0.625
2016-05-12,0.562
2016-05-13,0.492
2016-05-14,0.444
2016-05-15,0.412
2016-05-16,0.404
2016-05-17,0.422
2016-05-18,0.474
2016-05-19,0.542
2016-05-20,0.476
2016-05-21,0.466
2016-05-22,0.469
2016-05-23,0.463
2016-05-24,0.437
2016-05-25,0.43
2016-05-26,0.415
2016-05-27,0.405
2016-05-28,0.395
2016-05-29,0.394
2016-05-30,0.644
2016-05-31,2.74
2016-06-01,1.79
2016-06-02,0.917
2016-06-03,0.843
2016-06-04,0.686
2016-06-05,0.589
2016-06-06,0.523
2016-06-07,0.49
2016-06-08,0.467
2016-06-09,0.45
2016-06-10,0.384
2016-06-11,0.484
2016-06-12,0.526
2016-06-13,0.642
2016-06-14,0.767
2016-06-15,0.62
2016-06-16,0.641
2016-06-17,2.02
2016-06-18,2.1
2016-06-19,1.56
2016-06-20,2.44
2016-06-21,2.35
2016-06-22,2.27
2016-06-23,5.61
2016-06-24,5.66
2016-06-25,4.56
2016-06-26,3.22
2016-06-27,3.15
2016-06-28,1.69
2016-06-29,1.25
2016-06-30,0.925
2016-07-01,0.838
2016-07-02,0.781
2016-07-03,0.732
2016-07-04,0.622
2016-07-05,0.542
2016-07-06,0.499
2016-07-07,0.469
2016-07-08,0.419
2016-07-09,0.424
2016-07-10,0.419
2016-07-11,0.434
2016-07-12,0.458
2016-07-13,0.511
2016-07-14,0.459
2016-07-15,0.397
2016-07-16,0.402
2016-07-17,0.387
2016-07-18,0.372
2016-07-19,0.362
2016-07-20,0.346
2016-07-21,0.35
2016-07-22,0.341
2016-07-23,0.338
2016-07-24,0.332
2016-07-25,0.328
2016-07-26,0.327
2016-07-27,0.327
2016-07-28,0.333
2016-07-29,0.351
2016-07-30,0.349
2016-07-31,0.342
2016-08-01,0.342
2016-08-02,0.371
2016-08-03,0.33
2016-08-04,0.293
2016-08-05,0.265
2016-08-06,0.26
2016-08-07,0.255
2016-08-08,0.236
2016-08-09,0.228
2016-08-10,0.225
2016-08-11,0.222
2016-08-12,0.222
2016-08-13,0.224
2016-08-14,0.22
2016-08-15,0.217
2016-08-16,0.221
2016-08-17,0.22
2016-08-18,0.225
2016-08-19,0.234
2016-08-20,0.234
2016-08-21,0.251
2016-08-22,0.255
2016-08-23,0.253
2016-08-24,0.247
2016-08-25,0.222
2016-08-26,0.209
2016-08-27,0.202
2016-08-28,0.208
2016-08-29,0.219
2016-08-30,0.257
2016-08-31,0.231
2016-09-01,0.217
2016-09-02,0.213
2016-09-03,0.219
2016-09-04,0.223
2016-09-05,0.24
2016-09-06,0.243
2016-09-07,0.237
2016-09-08,0.241
2016-09-09,0.215
2016-09-10,0.205
2016-09-11,0.202
2016-09-12,0.2
2016-09-13,0.205
2016-09-14,0.184
2016-09-15,0.175
2016-09-16,0.362
2016-09-17,0.679
2016-09-18,0.897
2016-09-19,0.442
2016-09-20,0.372
2016-09-21,0.312
2016-09-22,0.257
2016-09-23,0.32
2016-09-24,0.304
2016-09-25,0.143
2016-09-26,0.212
2016-09-27,0.26
2016-09-28,0.193
2016-09-29,0.21
2016-09-30,0.214
2016-10-01,0.227
2016-10-02,0.23
2016-10-03,0.246
2016-10-04,0.236
2016-10-05,0.224
2016-10-06,0.217
2016-10-07,0.216
2016-10-08,0.232
2016-10-09,0.246
2016-10-10,0.239
2016-10-11,0.247
2016-10-12,0.249
2016-10-13,0.257
2016-10-14,0.26
2016-10-15,0.268
2016-10-16,0.282
2016-10-17,0.293
2016-10-18,0.275
2016-10-19,0.272
2016-10-20,0.262
2016-10-21,0.214
2016-10-22,0.217
2016-10-23,0.202
2016-10-24,0.216
2016-10-25,0.206
2016-10-26,0.198
2016-10-27,0.21
2016-10-28,0.229
2016-10-29,0.228
2016-10-30,0.221
2016-10-31,0.24
2016-11-01,0.225
2016-11-02,0.216
2016-11-03,0.231
2016-11-04,0.243
2016-11-05,0.289
2016-11-06,0.288
2016-11-07,0.285
2016-11-08,0.266
2016-11-09,0.392
2016-11-10,0.397
2016-11-11,0.336
2016-11-12,0.365
2016-11-13,0.466
2016-11-14,0.352
2016-11-15,0.379
2016-11-16,0.387
2016-11-17,0.398
2016-11-18,0.465
2016-11-19,0.429
2016-11-20,1.333
2016-11-21,2.52
2016-11-22,2.78
2016-11-23,1.84
2016-11-24,0.761
2016-11-25,0.723
2016-11-26,0.584
2016-11-27,0.514
2016-11-28,0.387
2016-11-29,0.412
2016-11-30,0.386
2016-12-01,0.394
2016-12-02,0.387
2016-12-03,0.376
2016-12-04,0.375
2016-12-05,0.37
2016-12-06,0.366
2016-12-07,0.369
2016-12-08,0.376
2016-12-09,0.36
2016-12-10,0.394
2016-12-11,0.498
2016-12-12,0.568
2016-12-13,0.545
2016-12-14,0.504
2016-12-15,0.467
2016-12-16,0.509
2016-12-17,0.464
2016-12-18,0.435
2016-12-19,0.418
2016-12-20,0.405
2016-12-21,0.405
2016-12-22,0.407
2016-12-23,0.406
2016-12-24,0.413
2016-12-25,0.406
2016-12-26,0.408
2016-12-27,0.391
2016-12-28,0.383
2016-12-29,0.38
2016-12-30,0.38
2016-12-31,0.397
2017-01-01,0.443
2017-01-02,0.473
2017-01-03,0.449
2017-01-04,0.459
2017-01-05,0.443
2017-01-06,0.421
2017-01-07,0.426
2017-01-08,0.424
2017-01-09,0.486
2017-01-10,0.564
2017-01-11,0.663
2017-01-12,1.001
2017-01-13,2.109
2017-01-14,2.047
2017-01-15,1.531
2017-01-16,1.676
2017-01-17,1.664
2017-01-18,1.136
2017-01-19,0.95
2017-01-20,0.677
2017-01-21,0.682
2017-01-22,0.579
2017-01-23,0.567
2017-01-24,0.53
2017-01-25,0.513
2017-01-26,0.499
2017-01-27,0.486
2017-01-28,0.482
2017-01-29,0.656
2017-01-30,1.507
2017-01-31,2.018
2017-02-01,4.07
2017-02-02,4.688
2017-02-03,2.721
2017-02-04,1.563
2017-02-05,1.369
2017-02-06,1.08
2017-02-07,1.172
2017-02-08,1.758
2017-02-09,1.47
2017-02-10,1.194
2017-02-11,1.044
2017-02-12,1.032
2017-02-13,1.204
2017-02-14,1.229
2017-02-15,1.047
2017-02-16,0.926
2017-02-17,0.863
2017-02-18,0.812
2017-02-19,0.767
2017-02-20,0.743
2017-02-21,0.712
2017-02-22,0.7
2017-02-23,0.752
2017-02-24,0.895
2017-02-25,0.758
2017-02-26,0.723
2017-02-27,1.003
2017-02-28,1.222
2017-03-01,1.295
2017-03-02,1.173
2017-03-03,1.031
2017-03-04,0.988
2017-03-05,1.032
2017-03-06,0.962
2017-03-07,0.879
2017-03-08,0.931
2017-03-09,1.089
2017-03-10,1.132
2017-03-11,0.995
2017-03-12,0.909
2017-03-13,0.832
2017-03-14,0.768
2017-03-15,0.713
2017-03-16,0.588
2017-03-17,0.599
2017-03-18,0.643
2017-03-19,0.635
2017-03-20,0.679
2017-03-21,0.704
2017-03-22,0.705
2017-03-23,0.836
2017-03-24,0.788
2017-03-25,0.705
2017-03-26,0.636
2017-03-27,0.61
2017-03-28,0.587
2017-03-29,0.57
2017-03-30,0.561
2017-03-31,0.553
2017-04-01,0.539
2017-04-02,0.544
2017-04-03,0.529
2017-04-04,0.506
2017-04-05,0.485
2017-04-06,0.481
2017-04-07,0.47
2017-04-08,0.469
2017-04-09,0.472
2017-04-10,0.457
2017-04-11,0.433
2017-04-12,0.408
2017-04-13,0.422
2017-04-14,0.414
2017-04-15,0.418
2017-04-16,0.396
2017-04-17,0.39
2017-04-18,0.382
2017-04-19,0.362
2017-04-20,0.35
2017-04-21,0.352
2017-04-22,0.345
2017-04-23,0.345
2017-04-24,0.405
2017-04-25,0.407
2017-04-26,0.375
2017-04-27,0.384
2017-04-28,0.372
2017-04-29,0.364
2017-04-30,0.364
2017-05-01,0.376
2017-05-02,0.367
2017-05-03,0.359
2017-05-04,0.363
2017-05-05,0.35
2017-05-06,0.331
2017-05-07,0.318
2017-05-08,0.306
2017-05-09,0.295
2017-05-10,0.297
2017-05-11,0.294
2017-05-12,0.31
2017-05-13,0.287
2017-05-14,0.289
2017-05-15,0.287
2017-05-16,0.363
2017-05-17,0.691
2017-05-18,1.272
2017-05-19,2.45
2017-05-20,1.63
2017-05-21,0.864
2017-05-22,0.594
2017-05-23,0.487
2017-05-24,0.433
2017-05-25,0.386
2017-05-26,0.345
2017-05-27,0.333
2017-05-28,0.345
2017-05-29,0.505
2017-05-30,0.454
2017-05-31,0.399
2017-06-01,0.357
2017-06-02,0.426
2017-06-03,0.667
2017-06-04,0.469
2017-06-05,0.423
2017-06-06,0.832
2017-06-07,1.01
2017-06-08,0.773
2017-06-09,0.552
2017-06-10,0.454
2017-06-11,0.385
2017-06-12,0.328
2017-06-13,0.307
2017-06-14,0.294
2017-06-15,0.275
2017-06-16,0.258
2017-06-17,0.254
2017-06-18,0.243
2017-06-19,0.231
2017-06-20,0.22
2017-06-21,0.209
2017-06-22,0.183
2017-06-23,0.146
2017-06-24,0.14
2017-06-25,0.154
2017-06-26,0.154
2017-06-27,0.215
2017-06-28,0.443
2017-06-29,0.516
2017-06-30,0.445
2017-07-01,0.353
2017-07-02,0.332
2017-07-03,0.284
2017-07-04,0.269
2017-07-05,0.273
2017-07-06,0.261
2017-07-07,0.239
2017-07-08,0.248
2017-07-09,0.252
2017-07-10,0.251
2017-07-11,0.35
2017-07-12,0.463
2017-07-13,0.485
2017-07-14,0.473
2017-07-15,0.373
2017-07-16,0.334
2017-07-17,0.343
2017-07-18,0.32
2017-07-19,0.297
2017-07-20,0.34
2017-07-21,0.315
2017-07-22,0.28
2017-07-23,0.329
2017-07-24,0.335
2017-07-25,0.307
2017-07-26,0.275
2017-07-27,0.255
2017-07-28,0.237
2017-07-29,0.269
2017-07-30,0.356
2017-07-31,0.376
2017-08-01,0.295
2017-08-02,0.269
2017-08-03,0.257
2017-08-04,0.251
2017-08-05,0.234
2017-08-06,0.221
2017-08-07,0.218
2017-08-08,0.224
2017-08-09,1.205
2017-08-10,2.61
2017-08-11,1.432
2017-08-12,0.53
2017-08-13,0.354
2017-08-14,0.317
2017-08-15,0.212
2017-08-16,0.249
2017-08-17,0.251
2017-08-18,0.278
2017-08-19,0.265
2017-08-20,0.267
2017-08-21,0.26
2017-08-22,0.256
2017-08-23,0.242
2017-08-24,0.227
2017-08-25,0.224
2017-08-26,0.217
2017-08-27,0.214
2017-08-28,0.21
2017-08-29,0.217
2017-08-30,0.236
2017-08-31,0.283
2017-09-01,0.279
2017-09-02,0.239
2017-09-03,0.234
2017-09-04,0.234
2017-09-05,0.231
2017-09-06,0.224
2017-09-07,0.228
2017-09-08,0.225
2017-09-09,0.252
2017-09-10,0.266
2017-09-11,0.255
2017-09-12,0.278
2017-09-13,0.265
2017-09-14,0.244
2017-09-15,0.25
2017-09-16,0.264
2017-09-17,0.29
2017-09-18,0.298
2017-09-19,0.292
2017-09-20,0.282
2017-09-21,0.269
2017-09-22,0.256
2017-09-23,0.261
2017-09-24,0.264
2017-09-25,0.279
2017-09-26,0.262
2017-09-27,0.244
2017-09-28,0.248
2017-09-29,0.299
2017-09-30,0.308
2017-10-01,0.275
2017-10-02,0.241
2017-10-03,0.229
2017-10-04,0.205
2017-10-05,0.21
2017-10-06,0.199
2017-10-07,0.214
2017-10-08,0.255
2017-10-09,0.251
2017-10-10,0.246
2017-10-11,0.239
2017-10-12,0.229
2017-10-13,0.232
2017-10-14,0.219
2017-10-15,0.233
2017-10-16,0.223
2017-10-17,0.229
2017-10-18,0.237
2017-10-19,0.262
2017-10-20,0.325
2017-10-21,0.346
2017-10-22,0.282
2017-10-23,0.257
2017-10-24,0.254
2017-10-25,0.245
2017-10-26,0.219
2017-10-27,0.223
2017-10-28,0.231
2017-10-29,0.224
2017-10-30,0.208
2017-10-31,0.221
2017-11-01,0.209
2017-11-02,0.213
2017-11-03,0.231
2017-11-04,0.261
2017-11-05,0.266
2017-11-06,0.242
2017-11-07,0.236
2017-11-08,0.28
2017-11-09,0.299
2017-11-10,0.28
2017-11-11,0.315
2017-11-12,0.317
2017-11-13,0.288
2017-11-14,0.265
2017-11-15,0.275
2017-11-16,0.282
2017-11-17,0.266
2017-11-18,0.276
2017-11-19,0.302
2017-11-20,0.291
2017-11-21,0.324
2017-11-22,0.309
2017-11-23,0.318
2017-11-24,0.304
2017-11-25,0.268
2017-11-26,0.317
2017-11-27,0.384
2017-11-28,0.455
2017-11-29,0.383
2017-11-30,0.355
2017-12-01,0.371
2017-12-02,0.374
2017-12-03,0.347
2017-12-04,0.344
2017-12-05,0.34
2017-12-06,0.337
2017-12-07,0.342
2017-12-08,0.367
2017-12-09,0.344
2017-12-10,0.515
2017-12-11,1.107
2017-12-12,1.107
2017-12-13,1.545
2017-12-14,2.179
2017-12-15,1.636
2017-12-16,0.967
2017-12-17,0.769
2017-12-18,0.697
2017-12-19,0.592
2017-12-20,0.602
2017-12-21,0.582
2017-12-22,0.559
2017-12-23,0.536
2017-12-24,0.531
2017-12-25,0.531
2017-12-26,0.722
2017-12-27,2.544
2017-12-28,3.741
2017-12-29,3.745
2017-12-30,4.706
2017-12-31,4.497
2018-01-01,3.525
2018-01-02,2.561
2018-01-03,3.266
2018-01-04,3.58
2018-01-05,2.73
2018-01-06,1.791
2018-01-07,1.164
2018-01-08,1.026
2018-01-09,0.934
2018-01-10,0.937
2018-01-11,0.968
2018-01-12,0.937
2018-01-13,0.95
2018-01-14,0.925
2018-01-15,1.003
2018-01-16,1.54
2018-01-17,1.384
2018-01-18,1.137
2018-01-19,1.019
2018-01-20,1.045
2018-01-21,2.213
2018-01-22,4.841
2018-01-23,4.527
2018-01-24,2.714
2018-01-25,2.715
2018-01-26,2.338
2018-01-27,1.487
2018-01-28,1.285
2018-01-29,1.141
2018-01-30,1.037
2018-01-31,1.022
2018-02-01,1.078
2018-02-02,1.095
2018-02-03,1.166
2018-02-04,1.102
2018-02-05,0.855
2018-02-06,0.814
2018-02-07,0.777
2018-02-08,0.744
2018-02-09,1.119
2018-02-10,1.553
2018-02-11,1.562
2018-02-12,1.421
2018-02-13,1.197
2018-02-14,1.257
2018-02-15,2.284
2018-02-16,2.374
2018-02-17,1.581
2018-02-18,1.239
2018-02-19,1.151
2018-02-20,1.542
2018-02-21,2.609
2018-02-22,2.299
2018-02-23,1.589
2018-02-24,1.268
2018-02-25,1.036
2018-02-26,0.884
2018-02-27,0.812
2018-02-28,0.806
2018-03-01,0.778
2018-03-02,0.77
2018-03-03,0.864
2018-03-04,1.95
2018-03-05,4.559
2018-03-06,3.552
2018-03-07,2.161
2018-03-08,1.532
2018-03-09,1.757
2018-03-10,3.721
2018-03-11,3.985
2018-03-12,3.802
2018-03-13,4.337
2018-03-14,3.352
2018-03-15,2.426
2018-03-16,2.111
2018-03-17,1.824
2018-03-18,1.513
2018-03-19,1.211
2018-03-20,1.113
2018-03-21,1.0
2018-03-22,0.959
2018-03-23,0.944
2018-03-24,0.881
2018-03-25,0.855
2018-03-26,0.76
2018-03-27,0.869
2018-03-28,1.877
2018-03-29,3.321
2018-03-30,4.976
2018-03-31,6.848
2018-04-01,5.548
2018-04-02,7.282
2018-04-03,7.791
2018-04-04,4.216
2018-04-05,2.432
2018-04-06,1.615
2018-04-07,1.489
2018-04-08,1.472
2018-04-09,1.496
2018-04-10,2.528
2018-04-11,3.134
2018-04-12,2.139
2018-04-13,1.729
2018-04-14,1.316
2018-04-15,1.239
2018-04-16,1.12
2018-04-17,0.99
2018-04-18,0.871
2018-04-19,0.804
2018-04-20,0.794
2018-04-21,0.774
2018-04-22,0.768
2018-04-23,0.737
2018-04-24,0.715
2018-04-25,0.751
2018-04-26,0.752
2018-04-27,0.861
2018-04-28,0.884
2018-04-29,0.906
2018-04-30,1.517
2018-05-01,1.41
2018-05-02,1.35
2018-05-03,1.121
2018-05-04,0.913
2018-05-05,0.784
2018-05-06,0.702
2018-05-07,0.669
2018-05-08,0.638
2018-05-09,0.603
2018-05-10,0.584
2018-05-11,0.543
2018-05-12,0.623
2018-05-13,0.72
2018-05-14,0.613
2018-05-15,0.529
2018-05-16,0.484
2018-05-17,0.461
2018-05-18,0.431
2018-05-19,0.421
2018-05-20,0.422
2018-05-21,0.418
2018-05-22,0.404
2018-05-23,0.402
2018-05-24,0.426
2018-05-25,0.542
2018-05-26,0.496
2018-05-27,0.532
2018-05-28,0.498
2018-05-29,0.477
2018-05-30,0.558
2018-05-31,0.49
2018-06-01,0.454
2018-06-02,0.446
2018-06-03,0.434
2018-06-04,0.419
2018-06-05,0.386
2018-06-06,0.366
2018-06-07,0.362
2018-06-08,0.349
2018-06-09,0.342
2018-06-10,0.344
2018-06-11,0.338
2018-06-12,0.326
2018-06-13,0.306
2018-06-14,0.298
2018-06-15,0.273
2018-06-16,0.273
2018-06-17,0.267
2018-06-18,0.261
2018-06-19,0.255
2018-06-20,0.235
2018-06-21,0.229
2018-06-22,0.22
2018-06-23,0.216
2018-06-24,0.214
2018-06-25,0.206
2018-06-26,0.187
2018-06-27,0.176
2018-06-28,0.172
2018-06-29,0.185
2018-06-30,0.181
2018-07-01,0.175
2018-07-02,0.168
2018-07-03,0.153
2018-07-04,0.158
2018-07-05,0.161
2018-07-06,0.158
2018-07-07,0.155
2018-07-08,0.169
2018-07-09,0.184
2018-07-10,0.183
2018-07-11,0.189
2018-07-12,0.188
2018-07-13,0.194
2018-07-14,0.205
2018-07-15,0.197
2018-07-16,0.185
2018-07-17,0.177
2018-07-18,0.175
2018-07-19,0.174
2018-07-20,0.181
2018-07-21,0.181
2018-07-22,0.17
2018-07-23,0.172
2018-07-24,0.152
2018-07-25,0.135
2018-07-26,0.133
2018-07-27,0.145
2018-07-28,0.14
2018-07-29,0.152
2018-07-30,0.197
2018-07-31,0.186
2018-08-01,0.207
2018-08-02,0.19
2018-08-03,0.179
2018-08-04,0.163
2018-08-05,0.149
2018-08-06,0.148
2018-08-07,0.169
2018-08-08,0.149
2018-08-09,0.271
2018-08-10,0.35
2018-08-11,0.407
2018-08-12,0.413
2018-08-13,0.329
2018-08-14,0.288
2018-08-15,0.229
2018-08-16,0.274
2018-08-17,0.359
2018-08-18,0.339
2018-08-19,0.274
2018-08-20,0.254
2018-08-21,0.237
2018-08-22,0.239
2018-08-23,0.209
2018-08-24,0.217
2018-08-25,0.224
2018-08-26,0.267
2018-08-27,0.29
2018-08-28,0.297
2018-08-29,0.26
2018-08-30,0.245
2018-08-31,0.224
2018-09-01,0.203
2018-09-02,0.196
2018-09-03,0.192
2018-09-04,0.199
2018-09-05,0.212
2018-09-06,0.219
2018-09-07,0.217
2018-09-08,0.223
2018-09-09,0.205
2018-09-10,0.199
2018-09-11,0.198
2018-09-12,0.221
2018-09-13,0.286
2018-09-14,0.245
2018-09-15,0.216
2018-09-16,0.213
2018-09-17,0.206
2018-09-18,0.198
2018-09-19,0.188
2018-09-20,0.189
2018-09-21,0.19
2018-09-22,0.199
2018-09-23,0.298
2018-09-24,0.34
2018-09-25,0.319
2018-09-26,0.259
2018-09-27,0.239
2018-09-28,0.229
2018-09-29,0.221
2018-09-30,0.22
2018-10-01,0.224
2018-10-02,0.223
2018-10-03,0.227
2018-10-04,0.183
2018-10-05,0.187
2018-10-06,0.208
2018-10-07,0.259
2018-10-08,0.261
2018-10-09,0.228
2018-10-10,0.216
2018-10-11,0.208
2018-10-12,0.212
2018-10-13,0.21
2018-10-14,0.262
2018-10-15,0.39
2018-10-16,0.446
2018-10-17,0.316
2018-10-18,0.298
2018-10-19,0.27
2018-10-20,0.267
2018-10-21,0.255
2018-10-22,0.248
2018-10-23,0.243
2018-10-24,0.236
2018-10-25,0.247
2018-10-26,0.251
2018-10-27,0.259
2018-10-28,0.288
2018-10-29,0.271
2018-10-30,0.236
2018-10-31,0.235
2018-11-01,0.418
2018-11-02,0.485
2018-11-03,0.334
2018-11-04,0.306
2018-11-05,0.296
2018-11-06,0.281
2018-11-07,0.276
2018-11-08,0.266
2018-11-09,0.293
2018-11-10,0.461
2018-11-11,1.026
2018-11-12,0.676
2018-11-13,0.524
2018-11-14,0.449
2018-11-15,0.382
2018-11-16,0.348
2018-11-17,0.338
2018-11-18,0.331
2018-11-19,0.324
2018-11-20,0.368
2018-11-21,0.478
2018-11-22,0.442
2018-11-23,0.379
2018-11-24,0.361
2018-11-25,0.352
2018-11-26,0.337
2018-11-27,0.351
2018-11-28,0.531
2018-11-29,0.553
2018-11-30,0.489
2018-12-01,0.476
2018-12-02,0.527
2018-12-03,0.484
2018-12-04,0.427
2018-12-05,0.474
2018-12-06,0.555
2018-12-07,0.672
2018-12-08,0.788
2018-12-09,0.695
2018-12-10,0.576
2018-12-11,0.497
2018-12-12,0.458
2018-12-13,0.439
2018-12-14,0.438
2018-12-15,0.551
2018-12-16,0.755
2018-12-17,0.681
2018-12-18,0.634
2018-12-19,0.625
2018-12-20,0.646
2018-12-21,0.958
2018-12-22,1.166
2018-12-23,1.222
2018-12-24,1.111
2018-12-25,0.873
2018-12-26,0.826
2018-12-27,0.736
2018-12-28,0.664
2018-12-29,0.607
2018-12-30,0.582
2018-12-31,0.56
2019-01-01,0.541
2019-01-02,0.518
2019-01-03,0.498
2019-01-04,0.472
2019-01-05,0.468
2019-01-06,0.466
2019-01-07,0.4
2019-01-08,0.456
2019-01-09,0.464
2019-01-10,0.455
2019-01-11,0.462
2019-01-12,0.467
2019-01-13,0.473
2019-01-14,0.466
2019-01-15,0.456
2019-01-16,0.497
2019-01-17,0.497
2019-01-18,0.457
2019-01-19,0.473
2019-01-20,0.461
2019-01-21,0.459
2019-01-22,0.543
2019-01-23,0.52
2019-01-24,0.486
2019-01-25,0.488
2019-01-26,0.529
2019-01-27,0.656
2019-01-28,0.595
2019-01-29,0.635
2019-01-30,0.75
2019-01-31,0.698
2019-02-01,0.743
2019-02-02,0.753
2019-02-03,0.688
2019-02-04,0.818
2019-02-05,0.944
2019-02-06,1.184
2019-02-07,1.283
2019-02-08,1.35
2019-02-09,1.211
2019-02-10,1.178
2019-02-11,1.137
2019-02-12,1.161
2019-02-13,0.947
2019-02-14,0.855
2019-02-15,0.756
2019-02-16,0.747
2019-02-17,0.726
2019-02-18,0.706
2019-02-19,0.685
2019-02-20,0.658
2019-02-21,0.635
2019-02-22,0.618
2019-02-23,0.609
2019-02-24,0.596
2019-02-25,0.588
2019-02-26,0.565
2019-02-27,0.578
2019-02-28,0.596
2019-03-01,0.59
2019-03-02,0.588
2019-03-03,0.69
2019-03-04,0.777
2019-03-05,0.684
2019-03-06,0.749
2019-03-07,0.741
2019-03-08,0.741
2019-03-09,0.791
2019-03-10,1.181
2019-03-11,1.109
2019-03-12,1.154
2019-03-13,1.151
2019-03-14,1.173
2019-03-15,1.06
2019-03-16,1.16
2019-03-17,1.406
2019-03-18,1.299
2019-03-19,1.068
2019-03-20,0.924
2019-03-21,0.825
2019-03-22,0.738
2019-03-23,0.727
2019-03-24,0.7
2019-03-25,0.662
2019-03-26,0.63
2019-03-27,0.614
2019-03-28,0.609
2019-03-29,0.611
2019-03-30,0.613
2019-03-31,0.597
2019-04-01,0.586
2019-04-02,0.59
2019-04-03,0.595
2019-04-04,0.607
2019-04-05,0.559
2019-04-06,0.55
2019-04-07,0.619
2019-04-08,0.63
2019-04-09,0.574
2019-04-10,0.551
2019-04-11,0.512
2019-04-12,0.519
2019-04-13,0.577
2019-04-14,0.543
2019-04-15,0.508
2019-04-16,0.474
2019-04-17,0.492
2019-04-18,0.502
2019-04-19,0.497
2019-04-20,0.481
2019-04-21,0.482
2019-04-22,0.483
2019-04-23,0.442
2019-04-24,0.414
2019-04-25,0.396
2019-04-26,0.394
2019-04-27,0.383
2019-04-28,0.387
2019-04-29,0.407
2019-04-30,0.407
2019-05-01,0.405
2019-05-02,0.406
2019-05-03,0.415
2019-05-04,0.433
2019-05-05,0.426
2019-05-06,0.403
2019-05-07,0.389
2019-05-08,0.629
2019-05-09,0.897
2019-05-10,0.67
2019-05-11,0.545
2019-05-12,0.481
2019-05-13,0.429
2019-05-14,0.396
2019-05-15,0.379
2019-05-16,0.357
2019-05-17,0.345
2019-05-18,0.343
2019-05-19,0.375
2019-05-20,0.338
2019-05-21,0.353
2019-05-22,0.328
2019-05-23,0.226
2019-05-24,0.214
2019-05-25,0.196
2019-05-26,0.198
2019-05-27,0.201
2019-05-28,0.256
2019-05-29,0.253
2019-05-30,0.235
2019-05-31,0.218
2019-06-01,0.2
2019-06-02,0.189
2019-06-03,0.194
2019-06-04,0.219
2019-06-05,0.255
2019-06-06,0.311
2019-06-07,0.309
2019-06-08,0.281
2019-06-09,0.319
2019-06-10,0.485
2019-06-11,0.733
2019-06-12,0.61
2019-06-13,0.684
2019-06-14,0.642
2019-06-15,0.497
2019-06-16,0.436
2019-06-17,0.383
2019-06-18,0.371
2019-06-19,0.385
2019-06-20,0.386
2019-06-21,0.375
2019-06-22,0.334
2019-06-23,0.3
2019-06-24,0.301
2019-06-25,0.438
2019-06-26,0.749
2019-06-27,0.391
2019-06-28,0.293
2019-06-29,0.263
2019-06-30,0.237
2019-07-01,0.204
2019-07-02,0.188
2019-07-03,0.181
2019-07-04,0.166
2019-07-05,0.169
2019-07-06,0.169
2019-07-07,0.176
2019-07-08,0.193
2019-07-09,0.202
2019-07-10,0.21
2019-07-11,0.207
2019-07-12,0.208
2019-07-13,0.207
2019-07-14,0.208
2019-07-15,0.21
2019-07-16,0.21
2019-07-17,0.216
2019-07-18,0.161
2019-07-19,0.188
2019-07-20,0.231
2019-07-21,0.33
2019-07-22,0.251
2019-07-23,0.203
2019-07-24,0.183
2019-07-25,0.164
2019-07-26,0.158
2019-07-27,0.236
2019-07-28,0.253
2019-07-29,0.396
2019-07-30,0.278
2019-07-31,0.226
2019-08-01,0.214
2019-08-02,0.198
2019-08-03,0.199
2019-08-04,0.19
2019-08-05,0.185
2019-08-06,0.178
2019-08-07,0.173
2019-08-08,0.182
2019-08-09,0.213
2019-08-10,0.195
2019-08-11,0.252
2019-08-12,0.253
2019-08-13,0.214
2019-08-14,0.264
2019-08-15,0.245
2019-08-16,0.298
2019-08-17,0.257
2019-08-18,0.282
2019-08-19,0.241
2019-08-20,0.213
2019-08-21,0.17
2019-08-22,0.156
2019-08-23,0.154
2019-08-24,0.152
2019-08-25,0.15
2019-08-26,0.144
2019-08-27,0.144
2019-08-28,0.144
2019-08-29,0.141
2019-08-30,0.138
2019-08-31,0.137
2019-09-01,0.138
2019-09-02,0.138
2019-09-03,0.144
2019-09-04,0.163
2019-09-05,0.151
2019-09-06,0.18
2019-09-07,0.172
2019-09-08,0.167
2019-09-09,0.201
2019-09-10,0.2
2019-09-11,0.23
2019-09-12,0.182
2019-09-13,0.15
2019-09-14,0.145
2019-09-15,0.144
2019-09-16,0.144
2019-09-17,0.147
2019-09-18,0.147
2019-09-19,0.145
2019-09-20,0.149
2019-09-21,0.151
2019-09-22,0.153
2019-09-23,0.151
2019-09-24,0.187
2019-09-25,0.236
2019-09-26,0.274
2019-09-27,0.256
2019-09-28,0.267
2019-09-29,0.312
2019-09-30,0.323
2019-10-01,0.398
2019-10-02,0.469
2019-10-03,0.352
2019-10-04,0.292
2019-10-05,0.29
2019-10-06,0.896
2019-10-07,1.393
2019-10-08,0.568
2019-10-09,0.434
2019-10-10,0.349
2019-10-11,0.324
2019-10-12,0.403
2019-10-13,0.505
2019-10-14,0.718
2019-10-15,0.414
2019-10-16,0.466
2019-10-17,0.49
2019-10-18,0.506
2019-10-19,0.452
2019-10-20,0.384
2019-10-21,0.362
2019-10-22,0.349
2019-10-23,0.333
2019-10-24,0.388
2019-10-25,0.491
2019-10-26,0.405
2019-10-27,0.371
2019-10-28,0.341
2019-10-29,0.32
2019-10-30,0.296
2019-10-31,0.286
2019-11-01,0.327
2019-11-02,0.392
2019-11-03,0.525
2019-11-04,0.45
2019-11-05,0.4
2019-11-06,0.363
2019-11-07,0.408
2019-11-08,0.429
2019-11-09,0.383
2019-11-10,0.365
2019-11-11,0.45
2019-11-12,0.516
2019-11-13,0.473
2019-11-14,1.189
2019-11-15,1.196
2019-11-16,1.033
2019-11-17,0.833
2019-11-18,0.668
2019-11-19,0.565
2019-11-20,0.516
2019-11-21,0.509
2019-11-22,0.498
2019-11-23,0.566
2019-11-24,0.549
2019-11-25,0.521
2019-11-26,0.617
2019-11-27,2.279
2019-11-28,1.901
2019-11-29,1.425
2019-11-30,1.127
2019-12-01,0.826
2019-12-02,0.725
2019-12-03,0.675
2019-12-04,0.616
2019-12-05,0.587
2019-12-06,0.682
2019-12-07,0.768
2019-12-08,0.95
2019-12-09,0.882
2019-12-10,0.787
2019-12-11,0.778
2019-12-12,1.066
2019-12-13,3.914
2019-12-14,3.714
2019-12-15,4.796
2019-12-16,3.898
2019-12-17,4.518
2019-12-18,4.233
2019-12-19,4.125
2019-12-20,6.896
2019-12-21,8.974
2019-12-22,8.953
2019-12-23,6.627
2019-12-24,4.134
2019-12-25,3.028
2019-12-26,2.582
2019-12-27,2.413
2019-12-28,2.106
2019-12-29,1.811
2019-12-30,1.612
2019-12-31,1.268
2020-01-01,1.252
2020-01-02,1.18
2020-01-03,1.229
2020-01-04,1.213
2020-01-05,1.294
2020-01-06,1.199
2020-01-07,1.039
2020-01-08,1.048
2020-01-09,1.167
2020-01-10,1.858
2020-01-11,2.492
2020-01-12,1.901
2020-01-13,1.681
2020-01-14,1.95
2020-01-15,3.33
2020-01-16,4.933
2020-01-17,3.952
2020-01-18,2.758
2020-01-19,2.012
2020-01-20,1.464
2020-01-21,1.261
2020-01-22,1.214
2020-01-23,1.148
2020-01-24,1.142
2020-01-25,1.095
2020-01-26,1.046
2020-01-27,1.692
2020-01-28,3.478
2020-01-29,3.346
2020-01-30,2.145
2020-01-31,1.688
2020-02-01,1.41
2020-02-02,1.398
2020-02-03,1.229
2020-02-04,1.123
2020-02-05,0.984
2020-02-06,0.891
2020-02-07,0.879
2020-02-08,0.895
2020-02-09,1.19
2020-02-10,1.423
2020-02-11,1.252
2020-02-12,1.068
2020-02-13,1.3
2020-02-14,1.324
2020-02-15,1.382
2020-02-16,3.952
2020-02-17,5.828
2020-02-18,4.108
2020-02-19,2.18
2020-02-20,1.866
2020-02-21,1.702
2020-02-22,1.559
2020-02-23,1.6
2020-02-24,1.875
2020-02-25,2.298
2020-02-26,2.225
2020-02-27,2.642
2020-02-28,4.561
2020-02-29,6.735
2020-03-01,6.898
2020-03-02,3.889
2020-03-03,2.471
2020-03-04,1.794
2020-03-05,2.838
2020-03-06,3.258
2020-03-07,2.64
2020-03-08,2.072
2020-03-09,1.892
2020-03-10,2.155
2020-03-11,2.116
2020-03-12,1.733
2020-03-13,1.37
2020-03-14,1.271
2020-03-15,1.222
2020-03-16,1.185
2020-03-17,1.088
2020-03-18,1.016
2020-03-19,0.976
2020-03-20,0.919
2020-03-21,0.833
2020-03-22,0.825
2020-03-23,0.793
2020-03-24,0.767
2020-03-25,0.666
2020-03-26,0.58
2020-03-27,0.594
2020-03-28,0.571
2020-03-29,0.559
2020-03-30,0.549
2020-03-31,0.555
2020-04-01,0.541
2020-04-02,0.551
2020-04-03,0.541
2020-04-04,0.517
2020-04-05,0.513
2020-04-06,0.507
2020-04-07,0.486
2020-04-08,0.486
2020-04-09,0.482
2020-04-10,0.487
2020-04-11,0.521
2020-04-12,0.473
2020-04-13,0.495
2020-04-14,0.528
2020-04-15,0.514
2020-04-16,0.5
2020-04-17,0.492
2020-04-18,0.491
2020-04-19,0.49
2020-04-20,0.479
2020-04-21,0.464
2020-04-22,0.448
2020-04-23,0.443
2020-04-24,0.443
2020-04-25,0.433
2020-04-26,0.435
2020-04-27,0.441
2020-04-28,0.523
2020-04-29,0.613
2020-04-30,0.644
2020-05-01,0.622
2020-05-02,0.542
2020-05-03,0.473
2020-05-04,0.431
2020-05-05,0.405
2020-05-06,0.393
2020-05-07,0.378
2020-05-08,0.37
2020-05-09,0.356
2020-05-10,0.34
2020-05-11,0.319
2020-05-12,0.307
2020-05-13,0.311
2020-05-14,0.309
2020-05-15,0.281
2020-05-16,0.296
2020-05-17,0.305
2020-05-18,0.316
2020-05-19,0.312
2020-05-20,0.297
2020-05-21,0.291
2020-05-22,0.271
2020-05-23,0.262
2020-05-24,0.253
2020-05-25,0.245
2020-05-26,0.244
2020-05-27,0.234
2020-05-28,0.215
2020-05-29,0.232
2020-05-30,0.238
2020-05-31,0.218
2020-06-01,0.234
2020-06-02,0.27
2020-06-03,0.269
2020-06-04,0.266
2020-06-05,0.27
2020-06-06,0.291
2020-06-07,0.322
2020-06-08,0.332
2020-06-09,0.32
2020-06-10,0.372
2020-06-11,0.34
2020-06-12,0.325
2020-06-13,0.298
2020-06-14,0.282
2020-06-15,0.26
2020-06-16,0.264
2020-06-17,0.282
2020-06-18,0.499
2020-06-19,0.781
2020-06-20,0.526
2020-06-21,0.405
2020-06-22,0.337
2020-06-23,0.308
2020-06-24,0.283
2020-06-25,0.272
2020-06-26,0.271
2020-06-27,0.275
2020-06-28,0.291
2020-06-29,0.278
2020-06-30,0.27
2020-07-01,0.274
2020-07-02,0.298
2020-07-03,0.417
2020-07-04,0.431
2020-07-05,0.333
2020-07-06,0.261
2020-07-07,0.245
2020-07-08,0.246
2020-07-09,0.28
2020-07-10,0.34
2020-07-11,0.36
2020-07-12,0.29
2020-07-13,0.262
2020-07-14,0.27
2020-07-15,0.294
2020-07-16,0.268
2020-07-17,0.244
2020-07-18,0.231
2020-07-19,0.226
2020-07-20,0.216
2020-07-21,0.213
2020-07-22,0.215
2020-07-23,0.211
2020-07-24,0.217
2020-07-25,0.234
2020-07-26,0.239
2020-07-27,0.286
2020-07-28,0.264
2020-07-29,0.237
2020-07-30,0.226
2020-07-31,0.214
2020-08-01,0.201
2020-08-02,0.215
2020-08-03,0.171
2020-08-04,0.17
2020-08-05,0.184
2020-08-06,0.172
2020-08-07,0.149
2020-08-08,0.146
2020-08-09,0.144
2020-08-10,0.143
2020-08-11,0.145
2020-08-12,0.139
2020-08-13,0.174
2020-08-14,0.232
2020-08-15,0.585
2020-08-16,1.304
2020-08-17,1.648
2020-08-18,0.924
2020-08-19,0.563
2020-08-20,0.442
2020-08-21,0.375
2020-08-22,0.296
2020-08-23,0.264
2020-08-24,0.258
2020-08-25,0.263
2020-08-26,0.307
2020-08-27,0.301
2020-08-28,0.336
2020-08-29,0.468
2020-08-30,0.428
2020-08-31,0.421
2020-09-01,0.375
2020-09-02,0.343
2020-09-03,0.322
2020-09-04,0.308
2020-09-05,0.304
2020-09-06,0.284
2020-09-07,0.269
2020-09-08,0.261
2020-09-09,0.253
2020-09-10,0.24
2020-09-11,0.23
2020-09-12,0.217
2020-09-13,0.213
2020-09-14,0.212
2020-09-15,0.213
2020-09-16,0.21
2020-09-17,0.209
2020-09-18,0.191
2020-09-19,0.166
2020-09-20,0.157
2020-09-21,0.173
2020-09-22,0.163
2020-09-23,0.189
2020-09-24,0.225
2020-09-25,0.287
2020-09-26,0.233
2020-09-27,0.205
2020-09-28,0.2
2020-09-29,0.21
2020-09-30,0.279
2020-10-01,0.302
2020-10-02,0.412
2020-10-03,0.61
2020-10-04,1.129
2020-10-05,1.345
2020-10-06,1.515
2020-10-07,1.596
2020-10-08,0.972
2020-10-09,0.815
2020-10-10,0.652
2020-10-11,0.679
2020-10-12,0.721
2020-10-13,1.272
2020-10-14,1.988
2020-10-15,2.365
2020-10-16,1.626
2020-10-17,0.961
2020-10-18,0.789
2020-10-19,0.672
2020-10-20,0.584
2020-10-21,0.932
2020-10-22,2.249
2020-10-23,2.244
2020-10-24,1.337
2020-10-25,2.175
2020-10-26,1.388
2020-10-27,1.201
2020-10-28,0.958
2020-10-29,1.102
2020-10-30,1.571
2020-10-31,1.827
2020-11-01,1.768
2020-11-02,2.073
2020-11-03,1.518
2020-11-04,1.118
2020-11-05,0.991
2020-11-06,0.861
2020-11-07,0.733
2020-11-08,0.689
2020-11-09,0.697
2020-11-10,0.655
2020-11-11,0.63
2020-11-12,0.664
2020-11-13,0.643
2020-11-14,0.673
2020-11-15,2.412
2020-11-16,2.726
2020-11-17,3.465
2020-11-18,2.454
2020-11-19,1.655
2020-11-20,1.191
2020-11-21,0.985
2020-11-22,0.878
2020-11-23,0.76
2020-11-24,0.702
2020-11-25,0.697
2020-11-26,0.511
2020-11-27,0.547
2020-11-28,0.553
2020-11-29,0.548
2020-11-30,0.53
2020-12-01,0.532
2020-12-02,0.518
2020-12-03,0.848
2020-12-04,4.643
2020-12-05,8.48
2020-12-06,6.727
2020-12-07,6.696
2020-12-08,3.188
2020-12-09,2.955
2020-12-10,3.533
2020-12-11,4.361
2020-12-12,5.623
2020-12-13,4.983
2020-12-14,4.744
2020-12-15,5.702
2020-12-16,4.486
2020-12-17,2.789
2020-12-18,2.218
2020-12-19,1.894
2020-12-20,1.853
2020-12-21,3.98
2020-12-22,6.026
2020-12-23,6.703
2020-12-24,6.789
2020-12-25,7.049
2020-12-26,5.612
2020-12-27,6.721
2020-12-28,6.147
2020-12-29,3.737
2020-12-30,2.157
2020-12-31,1.734
2021-01-01,1.541
2021-01-02,1.348
2021-01-03,1.223
2021-01-04,1.213
2021-01-05,1.358
2021-01-06,1.358
2021-01-07,1.367
2021-01-08,1.265
2021-01-09,1.111
2021-01-10,1.019
2021-01-11,0.983
2021-01-12,1.286
2021-01-13,2.29
2021-01-14,7.111
2021-01-15,8.934
2021-01-16,7.68
2021-01-17,7.787
2021-01-18,7.379
2021-01-19,5.435
2021-01-20,3.676
2021-01-21,3.275
2021-01-22,2.629
2021-01-23,2.219
2021-01-24,1.846
2021-01-25,1.716
2021-01-26,1.792
2021-01-27,3.63
2021-01-28,7.349
2021-01-29,9.339
2021-01-30,8.779
2021-01-31,7.724
2021-02-01,5.12
2021-02-02,5.163
2021-02-03,5.01
2021-02-04,3.661
2021-02-05,4.322
2021-02-06,5.378
2021-02-07,7.54
2021-02-08,7.197
2021-02-09,4.379
2021-02-10,3.189
2021-02-11,2.393
2021-02-12,1.915
2021-02-13,1.492
2021-02-14,1.516
2021-02-15,1.775
2021-02-16,2.258
2021-02-17,2.287
2021-02-18,2.107
2021-02-19,1.962
2021-02-20,1.771
2021-02-21,1.538
2021-02-22,1.335
2021-02-23,1.177
2021-02-24,1.084
2021-02-25,0.993
2021-02-26,0.938
2021-02-27,0.876
2021-02-28,0.857
2021-03-01,0.844
2021-03-02,0.826
2021-03-03,0.856
2021-03-04,0.875
2021-03-05,0.856
2021-03-06,0.816
2021-03-07,0.788
2021-03-08,0.78
2021-03-09,0.758
2021-03-10,0.825
2021-03-11,0.95
2021-03-12,0.866
2021-03-13,0.849
2021-03-14,1.005
2021-03-15,1.2
2021-03-16,1.444
2021-03-17,1.285
2021-03-18,1.212
2021-03-19,1.317
2021-03-20,1.296
2021-03-21,1.183
2021-03-22,1.066
2021-03-23,0.938
2021-03-24,0.901
2021-03-25,0.872
2021-03-26,0.864
2021-03-27,0.813
2021-03-28,0.777
2021-03-29,0.737
2021-03-30,0.716
2021-03-31,0.747
2021-04-01,0.635
2021-04-02,0.659
2021-04-03,0.649
2021-04-04,0.653
2021-04-05,0.637
2021-04-06,0.616
2021-04-07,0.597
2021-04-08,0.593
2021-04-09,0.594
2021-04-10,0.591
2021-04-11,0.58
2021-04-12,0.556
2021-04-13,0.546
2021-04-14,0.513
2021-04-15,0.575
2021-04-16,0.548
2021-04-17,0.547
2021-04-18,0.55
2021-04-19,0.552
2021-04-20,0.551
2021-04-21,0.534
2021-04-22,0.517
2021-04-23,0.498
2021-04-24,0.489
2021-04-25,0.491
2021-04-26,0.489
2021-04-27,0.493
2021-04-28,0.47
2021-04-29,0.496
2021-04-30,0.477
2021-05-01,0.471
2021-05-02,0.47
2021-05-03,0.504
2021-05-04,0.59
2021-05-05,0.51
2021-05-06,0.493
2021-05-07,0.469
2021-05-08,0.77
2021-05-09,0.709
2021-05-10,0.694
2021-05-11,0.588
2021-05-12,0.584
2021-05-13,0.583
2021-05-14,0.808
2021-05-15,0.739
2021-05-16,0.806
2021-05-17,0.955
2021-05-18,0.873
2021-05-19,0.98
2021-05-20,0.804
2021-05-21,0.722
2021-05-22,0.806
2021-05-23,0.837
2021-05-24,0.939
2021-05-25,1.072
2021-05-26,0.921
2021-05-27,0.763
2021-05-28,0.679
2021-05-29,0.616
2021-05-30,0.58
2021-05-31,0.56
2021-06-01,0.539
2021-06-02,0.508
2021-06-03,0.47
2021-06-04,0.596
2021-06-05,0.677
2021-06-06,0.605
2021-06-07,0.548
2021-06-08,0.502
2021-06-09,0.429
2021-06-10,0.386
2021-06-11,0.361
2021-06-12,0.341
2021-06-13,0.32
2021-06-14,0.31
2021-06-15,0.296
2021-06-16,0.331
2021-06-17,0.456
2021-06-18,0.749
2021-06-19,0.964
2021-06-20,0.847
2021-06-21,0.755
2021-06-22,0.644
2021-06-23,0.512
2021-06-24,0.447
2021-06-25,0.43
2021-06-26,0.418
2021-06-27,0.425
2021-06-28,0.44
2021-06-29,0.463
2021-06-30,0.435
2021-07-01,0.429
2021-07-02,0.411
2021-07-03,0.423
2021-07-04,0.447
2021-07-05,0.538
2021-07-06,0.61
2021-07-07,0.733
2021-07-08,0.873
2021-07-09,0.919
2021-07-10,0.771
2021-07-11,0.724
2021-07-12,0.612
2021-07-13,0.571
2021-07-14,0.504
2021-07-15,0.463
2021-07-16,0.418
2021-07-17,0.384
2021-07-18,0.358
2021-07-19,0.329
2021-07-20,0.308
2021-07-21,0.313
2021-07-22,0.343
2021-07-23,0.344
2021-07-24,0.336
2021-07-25,0.33
2021-07-26,0.368
2021-07-27,2.847
2021-07-28,2.445
2021-07-29,0.528
2021-07-30,0.444
2021-07-31,0.421
2021-08-01,0.433
2021-08-02,0.724
2021-08-03,0.621
2021-08-04,0.439
2021-08-05,0.392
2021-08-06,0.392
2021-08-07,0.491
2021-08-08,0.506
2021-08-09,0.508
2021-08-10,0.445
2021-08-11,0.394
2021-08-12,0.356
2021-08-13,0.337
2021-08-14,0.3
2021-08-15,0.295
2021-08-16,0.311
2021-08-17,0.314
2021-08-18,0.298
2021-08-19,0.29
2021-08-20,0.287
2021-08-21,0.288
2021-08-22,0.309
2021-08-23,0.355
2021-08-24,0.337
2021-08-25,0.313
2021-08-26,0.285
2021-08-27,0.273
2021-08-28,0.271
2021-08-29,0.267
2021-08-30,0.264
2021-08-31,0.258
2021-09-01,0.256
2021-09-02,0.257
2021-09-03,0.252
2021-09-04,0.248
2021-09-05,0.25
2021-09-06,0.252
2021-09-07,0.251
2021-09-08,0.248
2021-09-09,0.246
2021-09-10,0.256
2021-09-11,0.263
2021-09-12,0.265
2021-09-13,0.26
2021-09-14,0.311
2021-09-15,0.328
2021-09-16,0.333
2021-09-17,0.307
2021-09-18,0.31
2021-09-19,0.304
2021-09-20,0.443
2021-09-21,1.387
2021-09-22,1.529
2021-09-23,0.784
2021-09-24,0.507
2021-09-25,0.415
2021-09-26,0.394
2021-09-27,0.372
2021-09-28,0.43
2021-09-29,0.535
2021-09-30,0.492
2021-10-01,0.57
2021-10-02,0.883
2021-10-03,1.152
2021-10-04,1.287
2021-10-05,1.881
2021-10-06,2.458
2021-10-07,2.322
2021-10-08,1.045
2021-10-09,0.872
2021-10-10,0.695
2021-10-11,0.604
2021-10-12,0.501
2021-10-13,0.463
2021-10-14,0.465
2021-10-15,0.439
2021-10-16,0.407
2021-10-17,0.409
2021-10-18,0.414
2021-10-19,0.432
2021-10-20,0.95
2021-10-21,2.704
2021-10-22,3.628
2021-10-23,2.804
2021-10-24,0.95
2021-10-25,0.917
2021-10-26,0.832
2021-10-27,0.693
2021-10-28,0.602
2021-10-29,0.549
2021-10-30,0.563
2021-10-31,0.816
2021-11-01,0.771
2021-11-02,0.825
2021-11-03,0.701
2021-11-04,0.62
2021-11-05,0.554
2021-11-06,0.528
2021-11-07,0.507
2021-11-08,0.495
2021-11-09,0.488
2021-11-10,0.492
2021-11-11,0.508
2021-11-12,0.505
2021-11-13,0.495
2021-11-14,0.496
2021-11-15,0.48
2021-11-16,0.472
2021-11-17,0.472
2021-11-18,0.46
2021-11-19,0.47
2021-11-20,0.466
2021-11-21,0.449
2021-11-22,0.436
2021-11-23,0.432
2021-11-24,0.441
2021-11-25,0.444
2021-11-26,0.525
2021-11-27,0.776
2021-11-28,0.786
2021-11-29,1.052
2021-11-30,0.907
2021-12-01,0.802
2021-12-02,0.784
2021-12-03,0.696
2021-12-04,0.707
2021-12-05,1.24
2021-12-06,2.435
2021-12-07,2.954
2021-12-08,3.579
2021-12-09,3.525
2021-12-10,4.671
2021-12-11,5.558
2021-12-12,4.064
2021-12-13,2.39
2021-12-14,1.941
2021-12-15,1.517
2021-12-16,1.21
2021-12-17,1.032
2021-12-18,0.992
2021-12-19,0.931
2021-12-20,0.899
2021-12-21,0.88
2021-12-22,0.845
2021-12-23,0.828
2021-12-24,1.093
2021-12-25,3.698
2021-12-26,5.386
2021-12-27,5.334
2021-12-28,4.813
2021-12-29,3.544
2021-12-30,2.594
2021-12-31,2.038
2022-01-01,1.73
2022-01-02,1.644
2022-01-03,1.823
2022-01-04,1.614
2022-01-05,1.268
2022-01-06,1.067
2022-01-07,0.99
2022-01-08,1.241
2022-01-09,1.506
2022-01-10,1.558
2022-01-11,1.213
2022-01-12,1.107
2022-01-13,1.165
2022-01-14,1.087
2022-01-15,1.037
2022-01-16,1.016
2022-01-17,0.914
2022-01-18,0.828
2022-01-19,0.813
2022-01-20,0.799
2022-01-21,0.752
2022-01-22,0.721
2022-01-23,0.702
2022-01-24,0.7
2022-01-25,0.672
2022-01-26,0.638
2022-01-27,0.662
2022-01-28,0.65
2022-01-29,0.644
2022-01-30,0.636
2022-01-31,0.621
2022-02-01,0.614
2022-02-02,0.605
2022-02-03,0.613
2022-02-04,0.731
2022-02-05,0.723
2022-02-06,0.859
2022-02-07,0.896
2022-02-08,0.857
2022-02-09,0.815
2022-02-10,0.886
2022-02-11,0.9
2022-02-12,0.841
2022-02-13,0.902
2022-02-14,1.752
2022-02-15,3.601
2022-02-16,5.175
2022-02-17,3.955
2022-02-18,2.16
2022-02-19,2.236
2022-02-20,3.852
2022-02-21,5.725
2022-02-22,5.412
2022-02-23,2.604
2022-02-24,2.393
2022-02-25,2.29
2022-02-26,1.735
2022-02-27,1.498
2022-02-28,1.37
2022-03-01,1.787
2022-03-02,4.304
2022-03-03,5.264
2022-03-04,3.743
2022-03-05,3.56
2022-03-06,4.25
2022-03-07,2.859
2022-03-08,2.09
2022-03-09,1.688
2022-03-10,1.42
2022-03-11,1.287
2022-03-12,1.263
2022-03-13,1.149
2022-03-14,1.016
2022-03-15,0.966
2022-03-16,0.981
2022-03-17,1.11
2022-03-18,1.162
2022-03-19,1.009
2022-03-20,0.949
2022-03-21,0.911
2022-03-22,0.864
2022-03-23,0.822
2022-03-24,0.783
2022-03-25,0.764
2022-03-26,0.746
2022-03-27,0.742
2022-03-28,0.742
2022-03-29,0.746
2022-03-30,0.777
2022-03-31,0.762
2022-04-01,0.699
2022-04-02,0.66
2022-04-03,0.649
2022-04-04,0.702
2022-04-05,0.659
2022-04-06,0.798
2022-04-07,0.897
2022-04-08,0.789
2022-04-09,0.691
2022-04-10,0.64
2022-04-11,0.609
2022-04-12,0.605
2022-04-13,0.592
2022-04-14,0.568
2022-04-15,0.551
2022-04-16,0.541
2022-04-17,0.517
2022-04-18,0.523
2022-04-19,0.516
2022-04-20,0.499
2022-04-21,0.474
2022-04-22,0.47
2022-04-23,0.462
2022-04-24,0.447
2022-04-25,0.428
2022-04-26,0.393
2022-04-27,0.375
2022-04-28,0.375
2022-04-29,0.376
2022-04-30,0.384
2022-05-01,0.382
2022-05-02,0.387
2022-05-03,0.396
2022-05-04,0.433
2022-05-05,0.458
2022-05-06,0.419
2022-05-07,0.411
2022-05-08,0.388
2022-05-09,0.386
2022-05-10,0.367
2022-05-11,0.373
2022-05-12,0.408
2022-05-13,0.367
2022-05-14,0.348
2022-05-15,0.351
2022-05-16,0.352
2022-05-17,0.304
2022-05-18,0.297
2022-05-19,0.406
2022-05-20,0.397
2022-05-21,0.404
2022-05-22,0.37
2022-05-23,0.455
2022-05-24,0.502
2022-05-25,0.407
2022-05-26,0.346
2022-05-27,0.318
2022-05-28,0.298
2022-05-29,0.328
2022-05-30,0.354
2022-05-31,0.394
2022-06-01,0.347
2022-06-02,0.329
2022-06-03,0.315
2022-06-04,0.347
2022-06-05,0.459
2022-06-06,0.453
2022-06-07,0.392
2022-06-08,0.392
2022-06-09,0.394
2022-06-10,0.307
2022-06-11,0.299
2022-06-12,0.272
2022-06-13,0.261
2022-06-14,0.218
2022-06-15,0.201
2022-06-16,0.267
2022-06-17,0.176
2022-06-18,0.239
2022-06-19,0.229
2022-06-20,0.234
2022-06-21,0.231
2022-06-22,0.194
2022-06-23,0.167
2022-06-24,0.159
2022-06-25,0.148
2022-06-26,0.169
2022-06-27,0.18
2022-06-28,0.186
2022-06-29,0.164
2022-06-30,0.188
2022-07-01,0.188
2022-07-02,0.178
2022-07-03,0.192
2022-07-04,0.189
2022-07-05,0.154
2022-07-06,0.184
2022-07-07,0.139
2022-07-08,0.144
2022-07-09,0.143
2022-07-10,0.158
2022-07-11,0.146
2022-07-12,0.145
2022-07-13,0.148
2022-07-14,0.139
2022-07-15,0.12
2022-07-16,0.115
2022-07-17,0.119
2022-07-18,0.113
2022-07-19,0.124
2022-07-20,0.115
2022-07-21,0.128
2022-07-22,0.123
2022-07-23,0.111
2022-07-24,0.136
2022-07-25,0.145
2022-07-26,0.11
2022-07-27,0.094
2022-07-28,0.108
2022-07-29,0.135
2022-07-30,0.136
2022-07-31,0.137
2022-08-01,0.146
2022-08-02,0.121
2022-08-03,0.115
2022-08-04,0.088
2022-08-05,0.112
2022-08-06,0.125
2022-08-07,0.13
2022-08-08,0.125
2022-08-09,0.134
2022-08-10,0.101
2022-08-11,0.095
2022-08-12,0.102
2022-08-13,0.107
2022-08-14,0.112
2022-08-15,0.125
2022-08-16,0.144
2022-08-17,0.166
2022-08-18,0.616
2022-08-19,0.631
2022-08-20,0.271
2022-08-21,0.209
2022-08-22,0.223
2022-08-23,0.228
2022-08-24,0.239
2022-08-25,0.256
2022-08-26,0.329
2022-08-27,0.483
2022-08-28,0.488
2022-08-29,0.348
2022-08-30,0.292
2022-08-31,0.277
2022-09-01,0.272
2022-09-02,0.261
2022-09-03,0.231
2022-09-04,0.244
2022-09-05,0.272
2022-09-06,0.286
2022-09-07,0.337
2022-09-08,0.338
2022-09-09,0.326
2022-09-10,0.319
2022-09-11,0.298
2022-09-12,0.28
2022-09-13,0.285
2022-09-14,0.284
2022-09-15,0.285
2022-09-16,0.271
2022-09-17,0.284
2022-09-18,0.254
2022-09-19,0.246
2022-09-20,0.234
2022-09-21,0.254
2022-09-22,0.216
2022-09-23,0.208
2022-09-24,0.212
2022-09-25,0.205
2022-09-26,0.213
2022-09-27,0.225
2022-09-28,0.226
2022-09-29,0.228
2022-09-30,0.251
2022-10-01,0.289
2022-10-02,0.311
2022-10-03,0.252
2022-10-04,0.236
2022-10-05,0.235
2022-10-06,0.224
2022-10-07,0.22
2022-10-08,0.233
2022-10-09,0.235
2022-10-10,0.247
2022-10-11,0.285
2022-10-12,0.272
2022-10-13,0.281
2022-10-14,0.313
2022-10-15,0.286
2022-10-16,0.287
2022-10-17,0.251
2022-10-18,0.247
2022-10-19,0.221
2022-10-20,0.232
2022-10-21,0.346
2022-10-22,0.373
2022-10-23,0.429
2022-10-24,0.527
2022-10-25,0.876
2022-10-26,0.805
2022-10-27,0.539
2022-10-28,0.376
2022-10-29,0.329
2022-10-30,0.318
2022-10-31,0.306
2022-11-01,0.297
2022-11-02,0.359
2022-11-03,0.723
2022-11-04,1.256
2022-11-05,1.46
2022-11-06,1.733
2022-11-07,2.503
2022-11-08,2.938
2022-11-09,2.682
2022-11-10,1.604
2022-11-11,1.075
2022-11-12,0.769
2022-11-13,0.552
2022-11-14,0.56
2022-11-15,0.543
2022-11-16,0.723
2022-11-17,2.849
2022-11-18,4.775
2022-11-19,5.126
2022-11-20,2.411
2022-11-21,1.538
2022-11-22,2.203
2022-11-23,2.84
2022-11-24,1.913
2022-11-25,1.48
2022-11-26,1.069
2022-11-27,1.102
2022-11-28,1.504
2022-11-29,1.661
2022-11-30,1.166
2022-12-01,0.905
2022-12-02,0.77
2022-12-03,0.654
2022-12-04,0.614
2022-12-05,0.582
2022-12-06,0.53
2022-12-07,0.489
2022-12-08,0.475
2022-12-09,0.45
2022-12-10,0.431
2022-12-11,0.433
2022-12-12,0.481
2022-12-13,0.463
2022-12-14,0.425
2022-12-15,0.401
2022-12-16,0.369
2022-12-17,0.367
2022-12-18,0.553
2022-12-19,1.796
2022-12-20,2.443
2022-12-21,2.682
2022-12-22,2.1
2022-12-23,2.456
2022-12-24,2.847
2022-12-25,3.024
2022-12-26,2.242
2022-12-27,1.62
2022-12-28,1.624
2022-12-29,2.275
2022-12-30,2.199
2022-12-31,2.398
2023-01-01,3.368
2023-01-02,3.613
2023-01-03,3.453
2023-01-04,2.765
2023-01-05,2.376
2023-01-06,1.868
2023-01-07,1.834
2023-01-08,2.413
2023-01-09,3.619
2023-01-10,3.646
2023-01-11,4.007
2023-01-12,4.296
2023-01-13,4.485
2023-01-14,3.914
2023-01-15,3.963
2023-01-16,4.206
2023-01-17,3.455
2023-01-18,2.356
2023-01-19,1.662
2023-01-20,1.286
2023-01-21,1.024
2023-01-22,0.95
2023-01-23,0.879
2023-01-24,0.856
2023-01-25,0.895
2023-01-26,0.963
2023-01-27,1.013
2023-01-28,1.035
2023-01-29,0.995
2023-01-30,0.945
2023-01-31,0.881
2023-02-01,0.796
2023-02-02,0.75
2023-02-03,0.709
2023-02-04,0.676
2023-02-05,0.642
2023-02-06,0.624
2023-02-07,0.61
2023-02-08,0.611
2023-02-09,0.6
2023-02-10,0.583
2023-02-11,0.574
2023-02-12,0.556
2023-02-13,0.566
2023-02-14,0.562
2023-02-15,0.579
2023-02-16,0.6
2023-02-17,0.616
2023-02-18,0.622
2023-02-19,0.615
2023-02-20,0.628
2023-02-21,0.639
2023-02-22,0.655
2023-02-23,0.674
2023-02-24,0.68
2023-02-25,0.665
2023-02-26,0.65
2023-02-27,0.64
2023-02-28,0.633
2023-03-01,0.629
2023-03-02,0.635
2023-03-03,0.629
2023-03-04,0.632
2023-03-05,0.642
2023-03-06,0.689
2023-03-07,0.745
2023-03-08,0.813
2023-03-09,1.387
2023-03-10,5.278
2023-03-11,7.205
2023-03-12,5.952
2023-03-13,3.096
2023-03-14,2.813
2023-03-15,2.871
2023-03-16,2.617
2023-03-17,2.614
2023-03-18,3.065
2023-03-19,3.522
2023-03-20,2.75
2023-03-21,2.254
2023-03-22,1.943
2023-03-23,1.74
2023-03-24,1.631
2023-03-25,1.411
2023-03-26,2.149
2023-03-27,3.506
2023-03-28,2.524
2023-03-29,2.389
2023-03-30,3.228
2023-03-31,4.659
2023-04-01,6.111
2023-04-02,5.719
2023-04-03,3.033
2023-04-04,1.984
2023-04-05,1.643
2023-04-06,1.579
2023-04-07,1.422
2023-04-08,1.128
2023-04-09,1.068
2023-04-10,1.274
2023-04-11,1.325
2023-04-12,1.42
2023-04-13,1.459
2023-04-14,1.257
2023-04-15,2.298
2023-04-16,3.229
2023-04-17,2.207
2023-04-18,1.474
2023-04-19,1.226
2023-04-20,1.082
2023-04-21,1.014
2023-04-22,0.936
2023-04-23,0.972
2023-04-24,0.913
2023-04-25,0.821
2023-04-26,0.752
2023-04-27,0.74
2023-04-28,0.855
2023-04-29,0.794
2023-04-30,0.739
2023-05-01,0.707
2023-05-02,0.677
2023-05-03,0.655
2023-05-04,0.641
2023-05-05,0.679
2023-05-06,0.805
2023-05-07,0.837
2023-05-08,0.712
2023-05-09,0.795
2023-05-10,0.75
2023-05-11,0.703
2023-05-12,0.762
2023-05-13,0.804
2023-05-14,0.811
2023-05-15,0.809
2023-05-16,0.785
2023-05-17,0.747
2023-05-18,0.66
2023-05-19,0.621
2023-05-20,0.595
2023-05-21,0.566
2023-05-22,0.546
2023-05-23,0.523
2023-05-24,0.527
2023-05-25,0.463
2023-05-26,0.469
2023-05-27,0.467
2023-05-28,0.463
2023-05-29,0.452
2023-05-30,0.428
2023-05-31,0.429
2023-06-01,0.439
2023-06-02,0.433
2023-06-03,0.422
2023-06-04,0.404
2023-06-05,0.393
2023-06-06,0.36
2023-06-07,0.355
2023-06-08,0.35
2023-06-09,0.319
2023-06-10,0.304
2023-06-11,0.3
2023-06-12,0.288
2023-06-13,0.261
2023-06-14,0.255
2023-06-15,0.245
2023-06-16,0.233
2023-06-17,0.23
2023-06-18,0.269
2023-06-19,0.268
2023-06-20,0.28
2023-06-21,0.273
2023-06-22,0.29
2023-06-23,0.302
2023-06-24,0.201
2023-06-25,0.218
2023-06-26,0.206
2023-06-27,0.223
2023-06-28,0.224
2023-06-29,0.282
2023-06-30,0.298
2023-07-01,0.321
2023-07-02,0.254
2023-07-03,0.206
2023-07-04,0.314
2023-07-05,0.383
2023-07-06,0.392
2023-07-07,0.358
2023-07-08,0.29
2023-07-09,0.27
2023-07-10,0.244
2023-07-11,0.234
2023-07-12,0.238
2023-07-13,0.222
2023-07-14,0.264
2023-07-15,0.291
2023-07-16,0.367
2023-07-17,0.279
2023-07-18,0.244
2023-07-19,0.246
2023-07-20,0.25
2023-07-21,0.235
2023-07-22,0.295
2023-07-23,0.312
2023-07-24,0.38
2023-07-25,0.337
2023-07-26,0.338
2023-07-27,0.393
2023-07-28,0.368
2023-07-29,0.402
2023-07-30,0.374
2023-07-31,0.323
2023-08-01,0.302
2023-08-02,0.315
2023-08-03,0.325
2023-08-04,0.801
2023-08-05,3.213
2023-08-06,2.312
2023-08-07,0.789
2023-08-08,0.444
2023-08-09,0.364
2023-08-10,0.601
2023-08-11,0.399
2023-08-12,0.313
2023-08-13,0.28
2023-08-14,0.267
2023-08-15,0.265
2023-08-16,0.265
2023-08-17,0.249
2023-08-18,0.389
2023-08-19,0.386
2023-08-20,0.294
2023-08-21,0.268
2023-08-22,0.245
2023-08-23,0.238
2023-08-24,0.234
2023-08-25,0.226
2023-08-26,0.227
2023-08-27,0.23
2023-08-28,0.23
2023-08-29,0.238
2023-08-30,0.24
2023-08-31,0.247
2023-09-01,0.261
2023-09-02,0.253
2023-09-03,0.266
2023-09-04,0.233
2023-09-05,0.217
2023-09-06,0.208
2023-09-07,0.205
2023-09-08,0.208
2023-09-09,0.21
2023-09-10,0.208
2023-09-11,0.2
2023-09-12,0.195
2023-09-13,0.19
2023-09-14,0.19
2023-09-15,0.185
2023-09-16,0.184
2023-09-17,0.202
2023-09-18,0.206
2023-09-19,0.215
2023-09-20,0.277
2023-09-21,0.379
2023-09-22,0.484
2023-09-23,0.397
2023-09-24,0.345
2023-09-25,0.289
2023-09-26,0.269
2023-09-27,0.258
2023-09-28,0.245
2023-09-29,0.25
2023-09-30,0.304
2023-10-01,0.294
2023-10-02,0.291
2023-10-03,0.292
2023-10-04,0.287
2023-10-05,0.284
2023-10-06,0.267
2023-10-07,0.271
2023-10-08,0.265
2023-10-09,0.261
2023-10-10,0.261
2023-10-11,0.259
2023-10-12,0.337
2023-10-13,0.554
2023-10-14,0.552
2023-10-15,0.512
2023-10-16,0.451
2023-10-17,0.365
2023-10-18,0.541
2023-10-19,1.008
2023-10-20,5.759
2023-10-21,5.425
2023-10-22,5.774
2023-10-23,4.734
2023-10-24,2.746
2023-10-25,1.458
2023-10-26,1.307
2023-10-27,1.074
2023-10-28,2.531
2023-10-29,5.893
2023-10-30,5.133
2023-10-31,3.528
2023-11-01,2.187
2023-11-02,7.841
2023-11-03,11.901
2023-11-04,14.314
2023-11-05,11.809
2023-11-06,9.366
2023-11-07,3.234
2023-11-08,1.978
2023-11-09,1.589
2023-11-10,1.543
2023-11-11,1.354
2023-11-12,1.132
2023-11-13,2.58
2023-11-14,4.236
2023-11-15,3.717
2023-11-16,2.523
2023-11-17,1.881
2023-11-18,3.141
2023-11-19,4.247
2023-11-20,3.672
2023-11-21,2.282
2023-11-22,1.795
2023-11-23,1.557
2023-11-24,1.408
2023-11-25,1.227
2023-11-26,1.153
2023-11-27,1.953
2023-11-28,2.529
2023-11-29,2.321
2023-11-30,1.826
2023-12-01,1.369
2023-12-02,1.195
2023-12-03,1.215
2023-12-04,2.004
2023-12-05,3.306
2023-12-06,2.629
2023-12-07,2.431
2023-12-08,3.914
2023-12-09,6.555
2023-12-10,7.706
2023-12-11,6.364
2023-12-12,6.239
2023-12-13,7.386
2023-12-14,5.591
2023-12-15,3.584
2023-12-16,2.337
2023-12-17,2.031
2023-12-18,1.812
2023-12-19,4.298
2023-12-20,6.198
2023-12-21,5.683
2023-12-22,3.122
2023-12-23,2.233
2023-12-24,1.906
2023-12-25,2.474
2023-12-26,2.686
2023-12-27,2.575
2023-12-28,2.765
2023-12-29,2.589
2023-12-30,2.353
2023-12-31,3.724
2024-01-01,4.992
2024-01-02,11.114
2024-01-03,14.58
2024-01-04,15.114
2024-01-05,13.653
2024-01-06,11.318
2024-01-07,7.935
2024-01-08,3.349
2024-01-09,2.347
2024-01-10,2.01
2024-01-11,1.735
2024-01-12,1.566
2024-01-13,1.48
2024-01-14,1.468
2024-01-15,1.354
2024-01-16,1.248
2024-01-17,1.194
2024-01-18,1.096
2024-01-19,0.997
2024-01-20,0.952
2024-01-21,1.035
2024-01-22,1.31
2024-01-23,1.804
2024-01-24,1.792
2024-01-25,1.765
2024-01-26,1.559
2024-01-27,1.344
2024-01-28,1.164
2024-01-29,1.174
2024-01-30,1.095
2024-01-31,1.038
2024-02-01,0.981
2024-02-02,0.95
2024-02-03,0.939
2024-02-04,0.92
2024-02-05,0.903
2024-02-06,1.152
2024-02-07,3.113
2024-02-08,6.583
2024-02-09,12.004
2024-02-10,14.517
2024-02-11,14.459
2024-02-12,12.432
2024-02-13,7.401
2024-02-14,3.69
2024-02-15,3.078
2024-02-16,2.744
2024-02-17,2.395
2024-02-18,8.104
2024-02-19,11.351
2024-02-20,8.544
2024-02-21,4.854
2024-02-22,6.356
2024-02-23,9.639
2024-02-24,12.162
2024-02-25,7.152
2024-02-26,3.645
2024-02-27,2.524
2024-02-28,2.058
2024-02-29,2.491
2024-03-01,4.223
2024-03-02,5.539
2024-03-03,5.248
2024-03-04,3.756
2024-03-05,2.73
2024-03-06,2.515
2024-03-07,2.127
2024-03-08,2.028
2024-03-09,1.893
2024-03-10,2.109
2024-03-11,2.171
2024-03-12,3.932
2024-03-13,5.713
2024-03-14,4.459
2024-03-15,2.776
2024-03-16,2.108
2024-03-17,1.789
2024-03-18,1.698
2024-03-19,1.529
2024-03-20,1.408
2024-03-21,1.311
2024-03-22,1.235
2024-03-23,1.175
2024-03-24,1.151
2024-03-25,1.114
2024-03-26,1.181
2024-03-27,1.331
2024-03-28,1.351
2024-03-29,1.239
2024-03-30,1.112
2024-03-31,1.217
2024-04-01,1.188
2024-04-02,1.157
2024-04-03,1.27
2024-04-04,1.279
2024-04-05,1.315
2024-04-06,1.242
2024-04-07,1.108
2024-04-08,1.024
2024-04-09,0.892
2024-04-10,0.821
2024-04-11,0.756
2024-04-12,0.735
2024-04-13,0.717
2024-04-14,0.696
2024-04-15,0.792
2024-04-16,0.695
2024-04-17,0.71
2024-04-18,0.719
2024-04-19,0.75
2024-04-20,0.734
2024-04-21,0.748
2024-04-22,0.693
2024-04-23,0.676
2024-04-24,0.668
2024-04-25,0.657
2024-04-26,0.659
2024-04-27,0.989
2024-04-28,2.965
2024-04-29,3.958
2024-04-30,2.121
2024-05-01,1.429
2024-05-02,1.144
2024-05-03,1.669
2024-05-04,2.51
2024-05-05,1.829
2024-05-06,1.378
2024-05-07,1.283
2024-05-08,1.037
2024-05-09,0.888
2024-05-10,0.842
2024-05-11,0.804
2024-05-12,0.752
2024-05-13,0.738
2024-05-14,0.841
2024-05-15,0.871
2024-05-16,0.908
2024-05-17,0.909
2024-05-18,0.871
2024-05-19,0.763
2024-05-20,0.689
2024-05-21,3.929
2024-05-22,10.501
2024-05-23,9.316
2024-05-24,6.352
2024-05-25,2.395
2024-05-26,1.732
2024-05-27,1.332
2024-05-28,1.201
2024-05-29,1.083
2024-05-30,0.991
2024-05-31,0.96
2024-06-01,0.851
2024-06-02,0.77
2024-06-03,0.7
2024-06-04,0.628
2024-06-05,0.61
2024-06-06,0.592
2024-06-07,0.545
2024-06-08,0.524
2024-06-09,0.507
2024-06-10,0.548
2024-06-11,0.55
2024-06-12,0.518
2024-06-13,0.509
2024-06-14,0.525
2024-06-15,0.501
2024-06-16,0.524
2024-06-17,0.483
2024-06-18,0.45
2024-06-19,0.407
2024-06-20,0.39
2024-06-21,0.392
2024-06-22,0.389
2024-06-23,0.395
2024-06-24,0.388
2024-06-25,0.364
2024-06-26,0.357
2024-06-27,0.343
2024-06-28,0.327
2024-06-29,0.333
2024-06-30,0.341
2024-07-01,0.342
2024-07-02,0.341
2024-07-03,0.367
2024-07-04,0.388
2024-07-05,0.598
2024-07-06,1.883
2024-07-07,2.584
2024-07-08,2.425
2024-07-09,1.564
2024-07-10,1.254
2024-07-11,1.009
2024-07-12,0.854
2024-07-13,0.699
2024-07-14,0.572
2024-07-15,0.656
2024-07-16,0.983
2024-07-17,1.004
2024-07-18,0.88
2024-07-19,0.53
2024-07-20,0.484
2024-07-21,0.439
2024-07-22,0.37
2024-07-23,0.403
2024-07-24,0.422
2024-07-25,0.422
2024-07-26,0.434
2024-07-27,0.407
2024-07-28,0.387
2024-07-29,0.345
2024-07-30,0.323
2024-07-31,0.33
2024-08-01,0.32
2024-08-02,0.33
2024-08-03,0.344
2024-08-04,0.346
2024-08-05,0.341
2024-08-06,0.335
2024-08-07,0.318
2024-08-08,0.297
2024-08-09,0.297
2024-08-10,0.295
2024-08-11,0.281
2024-08-12,0.266
2024-08-13,0.262
2024-08-14,0.252
2024-08-15,0.238
2024-08-16,0.243
2024-08-17,0.252
2024-08-18,0.294
2024-08-19,0.182
2024-08-20,0.214
2024-08-21,0.219
2024-08-22,0.24
2024-08-23,0.275
2024-08-24,0.345
2024-08-25,0.355
2024-08-26,0.329
2024-08-27,0.282
2024-08-28,0.287
2024-08-29,0.274
2024-08-30,0.248
2024-08-31,0.247
2024-09-01,0.271
2024-09-02,0.282
2024-09-03,0.304
2024-09-04,0.328
2024-09-05,0.301
2024-09-06,0.275
2024-09-07,0.271
2024-09-08,0.288
2024-09-09,0.302
2024-09-10,0.381
2024-09-11,0.378
2024-09-12,0.394
2024-09-13,0.344
2024-09-14,0.294
2024-09-15,0.297
2024-09-16,0.294
2024-09-17,0.301
2024-09-18,0.299
2024-09-19,0.303
2024-09-20,0.288
2024-09-21,0.284
2024-09-22,0.299
2024-09-23,0.424
2024-09-24,0.652
2024-09-25,0.561
2024-09-26,0.851
2024-09-27,1.232
2024-09-28,1.033
2024-09-29,0.811
2024-09-30,0.852
2024-10-01,1.282
2024-10-02,0.913
2024-10-03,0.918
2024-10-04,0.9
2024-10-05,0.766
2024-10-06,0.55
2024-10-07,0.616
2024-10-08,0.782
2024-10-09,0.96
2024-10-10,1.445
2024-10-11,1.039
2024-10-12,0.678
2024-10-13,0.676
2024-10-14,0.576
2024-10-15,0.559
2024-10-16,0.544
2024-10-17,0.933
2024-10-18,0.823
2024-10-19,1.146
2024-10-20,0.988
2024-10-21,0.954
2024-10-22,0.88
2024-10-23,0.636
2024-10-24,0.597
2024-10-25,0.565
2024-10-26,0.545
2024-10-27,0.533
2024-10-28,0.513
2024-10-29,0.508
2024-10-30,0.482
2024-10-31,0.45
2024-11-01,0.454
2024-11-02,0.463
2024-11-03,0.467
2024-11-04,0.464
2024-11-05,0.46
2024-11-06,0.446
2024-11-07,0.429
2024-11-08,0.443
2024-11-09,0.432
2024-11-10,0.423
2024-11-11,0.4
2024-11-12,0.394
2024-11-13,0.398
2024-11-14,0.421
2024-11-15,0.379
2024-11-16,0.394
2024-11-17,0.426
2024-11-18,0.469
2024-11-19,0.723
2024-11-20,0.766
2024-11-21,0.92
2024-11-22,0.727
2024-11-23,0.641
2024-11-24,0.617
2024-11-25,0.701
2024-11-26,0.856
2024-11-27,3.019
2024-11-28,3.01
2024-11-29,2.157
2024-11-30,1.39
2024-12-01,1.075
2024-12-02,1.072
2024-12-03,0.971
2024-12-04,0.933
2024-12-05,1.224
2024-12-06,2.172
2024-12-07,3.457
2024-12-08,4.635
2024-12-09,5.819
2024-12-10,5.408
2024-12-11,2.446
2024-12-12,1.644
2024-12-13,1.303
2024-12-14,1.175
2024-12-15,1.084
2024-12-16,0.942
2024-12-17,0.841
2024-12-18,0.863
2024-12-19,0.865
2024-12-20,0.824
2024-12-21,0.764
2024-12-22,0.734
2024-12-23,0.83
2024-12-24,0.845
2024-12-25,0.769
2024-12-26,0.729
2024-12-27,0.711
2024-12-28,0.7
2024-12-29,0.695
2024-12-30,0.692
2024-12-31,0.67
2025-01-01,0.985
2025-01-02,1.62
2025-01-03,1.616
2025-01-04,1.337
2025-01-05,5.948
2025-01-06,10.271
2025-01-07,11.842
2025-01-08,7.528
2025-01-09,2.58
2025-01-10,1.778
2025-01-11,1.35
2025-01-12,1.18
2025-01-13,1.077
2025-01-14,0.945
2025-01-15,0.951
2025-01-16,0.923
2025-01-17,0.88
2025-01-18,0.873
2025-01-19,0.855
2025-01-20,0.77
2025-01-21,0.821
2025-01-22,0.878
2025-01-23,0.82
2025-01-24,1.162
2025-01-25,1.743
2025-01-26,1.567
2025-01-27,2.275
2025-01-28,3.628
2025-01-29,3.812
2025-01-30,2.91
2025-01-31,2.014
2025-02-01,1.695
2025-02-02,1.692
2025-02-03,1.503
2025-02-04,1.295
2025-02-05,1.105
2025-02-06,1.037
2025-02-07,1.081
2025-02-08,1.242
2025-02-09,1.396
2025-02-10,2.294
2025-02-11,3.62
2025-02-12,3.273
2025-02-13,2.27
2025-02-14,1.741
2025-02-15,1.511
2025-02-16,1.368
2025-02-17,1.212
2025-02-18,1.106
2025-02-19,1.045
2025-02-20,1.031
2025-02-21,1.084
2025-02-22,1.524
2025-02-23,1.395
2025-02-24,2.209
2025-02-25,3.198
2025-02-26,2.6
2025-02-27,2.972
2025-02-28,2.348
2025-03-01,1.754
2025-03-02,1.516
2025-03-03,1.347
2025-03-04,1.256
2025-03-05,1.167
2025-03-06,1.112
2025-03-07,1.07
2025-03-08,1.011
2025-03-09,0.94
2025-03-10,0.971
2025-03-11,0.924
2025-03-12,0.953
2025-03-13,0.806
2025-03-14,0.884
2025-03-15,0.83
2025-03-16,0.803
2025-03-17,0.786
2025-03-18,0.775
2025-03-19,0.77
2025-03-20,0.771
2025-03-21,0.786
2025-03-22,0.822
2025-03-23,0.856
2025-03-24,0.814
2025-03-25,0.783
2025-03-26,0.766
2025-03-27,0.762
2025-03-28,0.759
2025-03-29,0.743
2025-03-30,0.728
2025-03-31,0.703
2025-04-01,0.696
2025-04-02,0.695
2025-04-03,0.621
2025-04-04,0.595
2025-04-05,0.624
2025-04-06,0.636
2025-04-07,0.634
2025-04-08,0.638
2025-04-09,0.617
2025-04-10,0.616
2025-04-11,0.627
2025-04-12,0.634
2025-04-13,0.626
2025-04-14,0.652
2025-04-15,0.997
2025-04-16,0.875
2025-04-17,0.745
2025-04-18,0.656
2025-04-19,0.621
2025-04-20,0.599
2025-04-21,0.68
2025-04-22,0.634
2025-04-23,0.633
2025-04-24,0.588
2025-04-25,0.566
2025-04-26,0.564
2025-04-27,0.541
2025-04-28,0.54
2025-04-29,0.5
2025-04-30,0.479
2025-05-01,0.433
2025-05-02,0.442
2025-05-03,0.41
2025-05-04,0.4
2025-05-05,0.38
2025-05-06,0.396
2025-05-07,0.4
2025-05-08,0.376
2025-05-09,0.371
2025-05-10,0.358
2025-05-11,0.337
2025-05-12,0.307
2025-05-13,0.319
2025-05-14,0.303
2025-05-15,0.309
2025-05-16,0.318
2025-05-17,0.311
2025-05-18,0.309
2025-05-19,0.294
2025-05-20,0.293
2025-05-21,0.283
2025-05-22,0.316
2025-05-23,0.293
2025-05-24,0.318
2025-05-25,0.325
2025-05-26,0.321
2025-05-27,0.339
2025-05-28,0.323
2025-05-29,0.341
2025-05-30,0.29
2025-05-31,0.281
2025-06-01,0.26
2025-06-02,0.227
2025-06-03,0.21
2025-06-04,0.214
2025-06-05,0.266
2025-06-06,0.267
2025-06-07,0.29
2025-06-08,0.276
2025-06-09,0.231
2025-06-10,0.226
2025-06-11,0.228
2025-06-12,0.195
2025-06-13,0.197
2025-06-14,0.174
2025-06-15,0.18
2025-06-16,0.191
2025-06-17,0.167
2025-06-18,0.134
2025-06-19,0.118
2025-06-20,0.136
2025-06-21,0.136
2025-06-22,0.149
2025-06-23,0.14
2025-06-24,0.095
2025-06-25,0.125
2025-06-26,0.18
2025-06-27,0.158
2025-06-28,0.139
2025-06-29,0.126
2025-06-30,0.151
2025-07-01,0.122
2025-07-02,0.146
2025-07-03,0.114
2025-07-04,0.095
2025-07-05,0.087
2025-07-06,0.155
2025-07-07,0.172
2025-07-08,0.132
2025-07-09,0.112
2025-07-10,0.09
2025-07-11,0.082
2025-07-12,0.089
2025-07-13,0.098
2025-07-14,0.101
2025-07-15,0.124
2025-07-16,0.079
2025-07-17,0.068
2025-07-18,0.106
2025-07-19,0.172
2025-07-20,0.175
2025-07-21,0.435
2025-07-22,0.24
2025-07-23,0.216
2025-07-24,0.192
2025-07-25,0.199
2025-07-26,0.185
2025-07-27,0.146
2025-07-28,0.128
2025-07-29,0.145
2025-07-30,0.155
2025-07-31,0.136
2025-08-01,0.167
2025-08-02,0.193
2025-08-03,0.197
2025-08-04,0.186
2025-08-05,0.165
2025-08-06,0.131
2025-08-07,0.127
2025-08-08,0.133
2025-08-09,0.129
2025-08-10,0.134
2025-08-11,0.13
2025-08-12,0.119
2025-08-13,0.109
2025-08-14,0.122
2025-08-15,0.118
2025-08-16,0.111
2025-08-17,0.13
2025-08-18,0.138
2025-08-19,0.144
2025-08-20,0.155
2025-08-21,0.145
2025-08-22,0.134
2025-08-23,0.167
2025-08-24,0.151
2025-08-25,0.151
2025-08-26,0.15
2025-08-27,0.147
2025-08-28,0.152
2025-08-29,0.171
2025-08-30,0.193
2025-08-31,0.222
2025-09-01,0.215
2025-09-02,0.213
2025-09-03,0.26
2025-09-04,0.304
2025-09-05,0.299
2025-09-06,0.27
2025-09-07,0.213
2025-09-08,0.191
2025-09-09,0.182
2025-09-10,0.178
2025-09-11,0.2
2025-09-12,0.21
2025-09-13,0.274
2025-09-14,0.269
2025-09-15,0.266
2025-09-16,0.241
2025-09-17,0.229
2025-09-18,0.222
2025-09-19,0.226
2025-09-20,0.218
2025-09-21,0.202
2025-09-22,0.191
2025-09-23,0.187
2025-09-24,0.187
2025-09-25,0.194
2025-09-26,0.19
2025-09-27,0.195
2025-09-28,0.253
2025-09-29,0.163
2025-09-30,0.22
2025-10-01,0.212
2025-10-02,0.215
2025-10-03,0.308
2025-10-04,0.305
2025-10-05,0.338
2025-10-06,0.25
2025-10-07,0.211
2025-10-08,0.2
2025-10-09,0.179
2025-10-10,0.192
2025-10-11,0.199
2025-10-12,0.206
2025-10-13,0.21
2025-10-14,0.218
2025-10-15,0.219
2025-10-16,0.217
2025-10-17,0.221
2025-10-18,0.227
2025-10-19,0.235
2025-10-20,0.313
2025-10-21,0.313
2025-10-22,0.425
2025-10-23,0.533
2025-10-24,0.669
2025-10-25,0.334
2025-10-26,0.289
2025-10-27,0.271
2025-10-28,0.251
2025-10-29,0.279
2025-10-30,0.296
2025-10-31,0.297
2025-11-01,0.325
2025-11-02,0.441
2025-11-03,0.331
2025-11-04,0.317
2025-11-05,0.305
2025-11-06,0.281
2025-11-07,0.257
2025-11-08,0.23
2025-11-09,0.255
2025-11-10,0.29
2025-11-11,0.324
2025-11-12,0.316
2025-11-13,0.371
2025-11-14,1.097
2025-11-15,2.5
2025-11-16,1.899
2025-11-17,0.869
2025-11-18,0.59
2025-11-19,0.57
2025-11-20,0.631
2025-11-21,0.586
2025-11-22,0.608
2025-11-23,0.883
2025-11-24,0.994
2025-11-25,1.23
2025-11-26,0.818
2025-11-27,0.66
2025-11-28,0.519
2025-11-29,0.511
2025-11-30,0.498
2025-12-01,0.491
2025-12-02,0.529
2025-12-03,0.534
2025-12-04,0.57
2025-12-05,0.712
2025-12-06,1.172
2025-12-07,1.102
2025-12-08,1.166
2025-12-09,1.361
2025-12-10,2.03
2025-12-11,1.902
2025-12-12,1.101
2025-12-13,0.827
2025-12-14,0.736
2025-12-15,0.655
2025-12-16,0.623
2025-12-17,0.589
2025-12-18,0.781
2025-12-19,1.463
2025-12-20,2.439
2025-12-21,1.462
2025-12-22,1.134
2025-12-23,0.916
2025-12-24,0.806
2025-12-25,0.722
2025-12-26,0.664
2025-12-27,0.621
2025-12-28,0.592
2025-12-29,0.562
2025-12-30,0.54
2025-12-31,0.523
2026-01-01,0.514
2026-01-02,0.505
2026-01-03,0.49
2026-01-04,0.478
2026-01-05,0.468
2026-01-06,0.473
2026-01-07,0.534
2026-01-08,0.92
2026-01-09,4.161
2026-01-10,6.896
2026-01-11,8.479
2026-01-12,4.146
2026-01-13,3.653
2026-01-14,4.223
2026-01-15,4.687
2026-01-16,6.646
2026-01-17,6.906
2026-01-18,3.36
2026-01-19,2.202
2026-01-20,1.755
2026-01-21,2.363
2026-01-22,6.12
2026-01-23,7.607
2026-01-24,5.162
2026-01-25,2.838
2026-01-26,2.149
2026-01-27,8.341
2026-01-28,12.638
2026-01-29,13.034
2026-01-30,5.979
2026-01-31,4.814
2026-02-01,4.09
2026-02-02,3.86
2026-02-03,4.042
2026-02-04,3.645
2026-02-05,6.065
2026-02-06,11.493
2026-02-07,14.182
2026-02-08,12.656
2026-02-09,6.172
2026-02-10,3.924
2026-02-11,4.751
2026-02-12,5.307
2026-02-13,4.087
2026-02-14,2.867
2026-02-15,6.389
2026-02-16,11.867
2026-02-17,12.908
2026-02-18,8.632
2026-02-19,6.793
2026-02-20,5.373
2026-02-21,3.822
2026-02-22,2.991
2026-02-23,2.567
2026-02-24,2.16
2026-02-25,1.892
2026-02-26,1.646
2026-02-27,1.602
2026-02-28,1.615
2026-03-01,1.593
2026-03-02,1.597
2026-03-03,1.436
2026-03-04,1.296
2026-03-05,1.213
2026-03-06,1.244
2026-03-07,1.297
2026-03-08,1.229
2026-03-09,1.213
2026-03-10,1.155
2026-03-11,1.173
2026-03-12,1.166
2026-03-13,1.537
2026-03-14,1.5
2026-03-15,1.414
2026-03-16,1.412
2026-03-17,1.389
2026-03-18,1.278
2026-03-19,1.055
2026-03-20,1.061
2026-03-21,1.017
2026-03-22,0.991
2026-03-23,0.957
2026-03-24,0.955
2026-03-25,0.929
2026-03-26,0.88
2026-03-27,0.87
2026-03-28,0.846
2026-03-29,0.827
2026-03-30,0.82
2026-03-31,0.798
2026-04-01,0.734
2026-04-02,0.754
2026-04-03,0.772
2026-04-04,0.756
2026-04-05,0.737
2026-04-06,0.708
2026-04-07,0.706
2026-04-08,0.688
2026-04-09,0.697
2026-04-10,0.633
2026-04-11,0.661
2026-04-12,0.669
2026-04-13,0.703
2026-04-14,0.716
2026-04-15,0.674
2026-04-16,0.661
2026-04-17,0.653
2026-04-18,0.643
2026-04-19,0.63
2026-04-20,0.614
2026-04-21,0.6
2026-04-22,0.582
2026-04-23,0.585
2026-04-24,0.578
2026-04-25,0.568
2026-04-26,0.566
2026-04-27,0.55
2026-04-28,0.535
2026-04-29,0.518
2026-04-30,0.501
2026-05-01,0.374
2026-05-02,0.387
2026-05-03,0.39
2026-05-04,0.383
2026-05-05,0.378
2026-05-06,0.374
2026-05-07,0.376
2026-05-08,0.374
2026-05-09,0.369
2026-05-10,0.363
2026-05-11,0.334
2026-05-12,0.357
2026-05-13,0.348
2026-05-14,0.389
2026-05-15,0.382
2026-05-16,0.351
2026-05-17,0.352
2026-05-18,0.344
2026-05-19,0.358
2026-05-20,0.35
2026-05-21,0.317
2026-05-22,0.271
2026-05-23,0.262
2026-05-24,0.257
2026-05-25,0.258
2026-05-26,0.263
2026-05-27,0.263
2026-05-28,0.255
2026-05-29,0.238
2026-05-30,0.231
2026-05-31,0.215
2026-06-01,0.18
2026-06-02,0.246
2026-06-03,0.358
2026-06-04,0.506
2026-06-05,0.39
2026-06-06,0.405
2026-06-07,0.349
2026-06-08,0.34
2026-06-09,0.292
2026-06-10,0.353
2026-06-11,0.541
2026-06-12,0.63
2026-06-13,0.578
2026-06-14,0.395
2026-06-15,0.338
2026-06-16,0.313
2026-06-17,0.286
2026-06-18,0.256
2026-06-19,0.247
2026-06-20,0.23
2026-06-21,0.229
2026-06-22,0.225
2026-06-23,0.229
2026-06-24,0.223
2026-06-25,0.218
2026-06-26,0.186
2026-06-27,0.18
2026-06-28,0.156
2026-06-29,0.152
2026-06-30,0.154
2026-07-01,0.157
2026-07-02,0.166
2026-07-03,0.149
2026-07-04,0.144
2026-07-05,0.144
2026-07-06,0.118
2026-07-07,0.096
2026-07-08,0.08
2026-07-09,0.066
2026-07-10,0.081
2026-07-11,0.107
2026-07-12,0.125
2026-07-13,0.096
2026-07-14,0.079
2026-07-15,0.08
2026-07-16,0.078
2026-07-17,0.086
2026-07-18,0.09
2026-07-19,0.073
2026-07-20,0.087
2026-07-21,0.101
2026-07-22,0.109
2026-07-23,0.109
2026-07-24,0.11
2026-07-25,0.1
2026-07-26,0.068
2026-07-27,0.056
2026-07-28,0.079
2026-07-29,0.089
