date,streamflow
2016-01-01,11.5
2016-01-02,11.4
2016-01-03,11.3
2016-01-04,11.1
2016-01-05,11.2
2016-01-06,12.6
2016-01-07,12.7
2016-01-08,12.3
2016-01-09,12.0
2016-01-10,11.7
2016-01-11,11.5
2016-01-12,11.5
2016-01-13,11.7
2016-01-14,12.7
2016-01-15,12.9
2016-01-16,13.3
2016-01-17,14.1
2016-01-18,14.6
2016-01-19,14.7
2016-01-20,14.7
2016-01-21,14.5
2016-01-22,14.3
2016-01-23,14.3
2016-01-24,14.1
2016-01-25,13.8
2016-01-26,13.7
2016-01-27,13.8
2016-01-28,16.0
2016-01-29,17.6
2016-01-30,16.0
2016-01-31,15.0
2016-02-01,14.1
2016-02-02,13.3
2016-02-03,12.4
2016-02-04,12.9
2016-02-05,13.6
2016-02-06,14.1
2016-02-07,13.4
2016-02-08,13.4
2016-02-09,13.4
2016-02-10,13.3
2016-02-11,13.5
2016-02-12,13.8
2016-02-13,14.6
2016-02-14,14.7
2016-02-15,15.0
2016-02-16,15.9
2016-02-17,15.9
2016-02-18,17.4
2016-02-19,18.2
2016-02-20,18.1
2016-02-21,16.8
2016-02-22,16.3
2016-02-23,15.6
2016-02-24,14.9
2016-02-25,14.7
2016-02-26,14.9
2016-02-27,15.4
2016-02-28,15.5
2016-02-29,16.4
2016-03-01,15.7
2016-03-02,15.9
2016-03-03,15.7
2016-03-04,15.9
2016-03-05,16.3
2016-03-06,18.6
2016-03-07,20.0
2016-03-08,19.3
2016-03-09,18.3
2016-03-10,19.2
2016-03-11,20.0
2016-03-12,20.5
2016-03-13,21.4
2016-03-14,20.8
2016-03-15,19.7
2016-03-16,19.0
2016-03-17,18.3
2016-03-18,17.9
2016-03-19,17.4
2016-03-20,17.5
2016-03-21,18.0
2016-03-22,18.6
2016-03-23,18.7
2016-03-24,19.6
2016-03-25,19.9
2016-03-26,19.5
2016-03-27,19.3
2016-03-28,19.3
2016-03-29,19.0
2016-03-30,19.1
2016-03-31,19.7
2016-04-01,20.9
2016-04-02,22.9
2016-04-03,28.5
2016-04-04,34.5
2016-04-05,36.1
2016-04-06,34.6
2016-04-07,34.0
2016-04-08,36.7
2016-04-09,47.8
2016-04-10,59.4
2016-04-11,59.0
2016-04-12,61.3
2016-04-13,62.7
2016-04-14,59.8
2016-04-15,55.8
2016-04-16,52.0
2016-04-17,51.6
2016-04-18,56.4
2016-04-19,67.0
2016-04-20,84.7
2016-04-21,100.0
2016-04-22,111.0
2016-04-23,127.0
2016-04-24,131.0
2016-04-25,129.0
2016-04-26,123.0
2016-04-27,115.0
2016-04-28,107.0
2016-04-29,97.2
2016-04-30,88.2
2016-05-01,81.5
2016-05-02,81.0
2016-05-03,89.5
2016-05-04,107.0
2016-05-05,126.0
2016-05-06,133.0
2016-05-07,138.0
2016-05-08,144.0
2016-05-09,153.0
2016-05-10,135.0
2016-05-11,115.0
2016-05-12,107.0
2016-05-13,98.3
2016-05-14,89.3
2016-05-15,82.8
2016-05-16,78.9
2016-05-17,77.8
2016-05-18,86.2
2016-05-19,105.0
2016-05-20,111.0
2016-05-21,106.0
2016-05-22,106.0
2016-05-23,108.0
2016-05-24,109.0
2016-05-25,103.0
2016-05-26,110.0
2016-05-27,123.0
2016-05-28,122.0
2016-05-29,113.0
2016-05-30,110.0
2016-05-31,104.0
2016-06-01,99.2
2016-06-02,102.0
2016-06-03,108.0
2016-06-04,111.0
2016-06-05,116.0
2016-06-06,122.0
2016-06-07,126.0
2016-06-08,128.0
2016-06-09,124.0
2016-06-10,119.0
2016-06-11,100.0
2016-06-12,92.9
2016-06-13,83.6
2016-06-14,77.6
2016-06-15,73.2
2016-06-16,67.9
2016-06-17,63.4
2016-06-18,59.6
2016-06-19,59.5
2016-06-20,56.4
2016-06-21,54.9
2016-06-22,55.0
2016-06-23,54.7
2016-06-24,55.5
2016-06-25,56.0
2016-06-26,54.6
2016-06-27,53.8
2016-06-28,53.5
2016-06-29,53.8
2016-06-30,55.4
2016-07-01,57.1
2016-07-02,56.5
2016-07-03,54.9
2016-07-04,54.3
2016-07-05,53.5
2016-07-06,51.7
2016-07-07,49.0
2016-07-08,46.5
2016-07-09,44.9
2016-07-10,43.7
2016-07-11,43.2
2016-07-12,43.2
2016-07-13,43.9
2016-07-14,44.4
2016-07-15,44.1
2016-07-16,47.0
2016-07-17,50.7
2016-07-18,57.2
2016-07-19,59.0
2016-07-20,55.2
2016-07-21,51.7
2016-07-22,49.2
2016-07-23,47.5
2016-07-24,45.0
2016-07-25,42.6
2016-07-26,41.5
2016-07-27,42.1
2016-07-28,43.3
2016-07-29,41.1
2016-07-30,40.5
2016-07-31,40.2
2016-08-01,42.0
2016-08-02,40.9
2016-08-03,39.2
2016-08-04,38.2
2016-08-05,36.3
2016-08-06,34.9
2016-08-07,34.9
2016-08-08,36.0
2016-08-09,35.7
2016-08-10,35.0
2016-08-11,34.8
2016-08-12,34.1
2016-08-13,33.0
2016-08-14,32.0
2016-08-15,31.4
2016-08-16,30.7
2016-08-17,30.2
2016-08-18,31.0
2016-08-19,31.4
2016-08-20,30.0
2016-08-21,28.7
2016-08-22,27.6
2016-08-23,27.5
2016-08-24,27.1
2016-08-25,26.5
2016-08-26,26.2
2016-08-27,25.3
2016-08-28,24.8
2016-08-29,24.5
2016-08-30,24.2
2016-08-31,24.0
2016-09-01,23.9
2016-09-02,24.2
2016-09-03,24.5
2016-09-04,24.0
2016-09-05,23.7
2016-09-06,23.6
2016-09-07,23.2
2016-09-08,22.9
2016-09-09,22.8
2016-09-10,22.1
2016-09-11,23.3
2016-09-12,23.2
2016-09-13,22.7
2016-09-14,22.4
2016-09-15,22.0
2016-09-16,21.7
2016-09-17,21.8
2016-09-18,23.4
2016-09-19,23.7
2016-09-20,23.6
2016-09-21,23.0
2016-09-22,23.1
2016-09-23,24.0
2016-09-24,23.7
2016-09-25,23.3
2016-09-26,22.7
2016-09-27,22.5
2016-09-28,22.4
2016-09-29,22.1
2016-09-30,22.1
2016-10-01,22.6
2016-10-02,22.8
2016-10-03,22.8
2016-10-04,22.8
2016-10-05,23.2
2016-10-06,22.6
2016-10-07,22.7
2016-10-08,24.2
2016-10-09,44.0
2016-10-10,44.8
2016-10-11,37.6
2016-10-12,34.6
2016-10-13,33.2
2016-10-14,38.2
2016-10-15,42.8
2016-10-16,42.5
2016-10-17,42.9
2016-10-18,41.1
2016-10-19,37.6
2016-10-20,36.8
2016-10-21,36.8
2016-10-22,34.6
2016-10-23,32.8
2016-10-24,31.5
2016-10-25,30.7
2016-10-26,30.5
2016-10-27,38.9
2016-10-28,52.0
2016-10-29,47.4
2016-10-30,43.4
2016-10-31,42.9
2016-11-01,42.7
2016-11-02,41.4
2016-11-03,39.9
2016-11-04,38.3
2016-11-05,37.1
2016-11-06,36.9
2016-11-07,36.9
2016-11-08,35.6
2016-11-09,34.9
2016-11-10,34.9
2016-11-11,34.7
2016-11-12,34.9
2016-11-13,37.4
2016-11-14,41.2
2016-11-15,43.4
2016-11-16,41.7
2016-11-17,39.2
2016-11-18,37.3
2016-11-19,36.1
2016-11-20,35.0
2016-11-21,34.8
2016-11-22,33.9
2016-11-23,32.9
2016-11-24,31.9
2016-11-25,31.7
2016-11-26,31.1
2016-11-27,30.3
2016-11-28,29.6
2016-11-29,28.6
2016-11-30,27.1
2016-12-01,26.9
2016-12-02,26.3
2016-12-03,26.0
2016-12-04,26.5
2016-12-05,25.8
2016-12-06,23.9
2016-12-07,18.2
2016-12-08,14.8
2016-12-09,14.0
2016-12-10,14.5
2016-12-11,15.0
2016-12-12,14.9
2016-12-13,14.5
2016-12-14,14.2
2016-12-15,14.3
2016-12-16,14.3
2016-12-17,14.4
2016-12-18,15.4
2016-12-19,15.8
2016-12-20,16.0
2016-12-21,16.0
2016-12-22,16.0
2016-12-23,16.0
2016-12-24,15.9
2016-12-25,15.9
2016-12-26,15.9
2016-12-27,15.9
2016-12-28,15.9
2016-12-29,15.9
2016-12-30,15.9
2016-12-31,15.9
2017-01-01,15.7
2017-01-02,15.2
2017-01-03,14.7
2017-01-04,14.5
2017-01-05,14.5
2017-01-06,14.6
2017-01-07,14.6
2017-01-08,14.8
2017-01-09,15.0
2017-01-10,15.0
2017-01-11,14.8
2017-01-12,14.8
2017-01-13,14.9
2017-01-14,15.1
2017-01-15,15.5
2017-01-16,15.7
2017-01-17,15.9
2017-01-18,16.1
2017-01-19,16.3
2017-01-20,16.2
2017-01-21,16.2
2017-01-22,16.0
2017-01-23,15.9
2017-01-24,15.7
2017-01-25,15.2
2017-01-26,14.4
2017-01-27,13.9
2017-01-28,13.7
2017-01-29,13.6
2017-01-30,13.3
2017-01-31,12.4
2017-02-01,11.5
2017-02-02,10.6
2017-02-03,9.78
2017-02-04,9.46
2017-02-05,9.33
2017-02-06,9.21
2017-02-07,9.23
2017-02-08,9.35
2017-02-09,9.48
2017-02-10,9.87
2017-02-11,10.8
2017-02-12,11.2
2017-02-13,11.3
2017-02-14,11.5
2017-02-15,11.7
2017-02-16,11.9
2017-02-17,12.0
2017-02-18,12.2
2017-02-19,12.3
2017-02-20,12.3
2017-02-21,12.3
2017-02-22,12.2
2017-02-23,12.0
2017-02-24,11.9
2017-02-25,11.7
2017-02-26,11.5
2017-02-27,11.4
2017-02-28,11.2
2017-03-01,11.0
2017-03-02,10.9
2017-03-03,10.7
2017-03-04,10.5
2017-03-05,10.4
2017-03-06,10.2
2017-03-07,10.0
2017-03-08,9.88
2017-03-09,9.73
2017-03-10,9.68
2017-03-11,9.96
2017-03-12,11.0
2017-03-13,13.1
2017-03-14,16.5
2017-03-15,20.7
2017-03-16,26.8
2017-03-17,23.8
2017-03-18,27.9
2017-03-19,38.7
2017-03-20,32.5
2017-03-21,29.4
2017-03-22,27.2
2017-03-23,27.6
2017-03-24,26.8
2017-03-25,26.6
2017-03-26,25.3
2017-03-27,25.5
2017-03-28,26.0
2017-03-29,26.1
2017-03-30,28.6
2017-03-31,31.3
2017-04-01,31.7
2017-04-02,30.9
2017-04-03,30.0
2017-04-04,28.5
2017-04-05,28.0
2017-04-06,29.5
2017-04-07,33.8
2017-04-08,37.1
2017-04-09,36.4
2017-04-10,34.3
2017-04-11,32.7
2017-04-12,31.8
2017-04-13,32.6
2017-04-14,33.2
2017-04-15,32.6
2017-04-16,31.6
2017-04-17,31.9
2017-04-18,33.4
2017-04-19,36.3
2017-04-20,38.8
2017-04-21,41.0
2017-04-22,42.7
2017-04-23,45.6
2017-04-24,48.9
2017-04-25,51.4
2017-04-26,52.0
2017-04-27,53.0
2017-04-28,53.2
2017-04-29,52.8
2017-04-30,51.9
2017-05-01,51.4
2017-05-02,50.6
2017-05-03,50.1
2017-05-04,55.4
2017-05-05,86.7
2017-05-06,152.0
2017-05-07,173.0
2017-05-08,157.0
2017-05-09,136.0
2017-05-10,129.0
2017-05-11,143.0
2017-05-12,185.0
2017-05-13,209.0
2017-05-14,186.0
2017-05-15,158.0
2017-05-16,142.0
2017-05-17,137.0
2017-05-18,125.0
2017-05-19,115.0
2017-05-20,116.0
2017-05-21,125.0
2017-05-22,151.0
2017-05-23,191.0
2017-05-24,265.0
2017-05-25,269.0
2017-05-26,225.0
2017-05-27,197.0
2017-05-28,207.0
2017-05-29,238.0
2017-05-30,271.0
2017-05-31,298.0
2017-06-01,328.0
2017-06-02,317.0
2017-06-03,295.0
2017-06-04,276.0
2017-06-05,262.0
2017-06-06,241.0
2017-06-07,231.0
2017-06-08,225.0
2017-06-09,251.0
2017-06-10,238.0
2017-06-11,205.0
2017-06-12,173.0
2017-06-13,163.0
2017-06-14,184.0
2017-06-15,179.0
2017-06-16,165.0
2017-06-17,157.0
2017-06-18,147.0
2017-06-19,137.0
2017-06-20,134.0
2017-06-21,142.0
2017-06-22,135.0
2017-06-23,120.0
2017-06-24,109.0
2017-06-25,104.0
2017-06-26,104.0
2017-06-27,109.0
2017-06-28,110.0
2017-06-29,102.0
2017-06-30,93.3
2017-07-01,89.6
2017-07-02,89.8
2017-07-03,90.2
2017-07-04,88.3
2017-07-05,83.3
2017-07-06,78.0
2017-07-07,74.5
2017-07-08,72.7
2017-07-09,70.8
2017-07-10,68.4
2017-07-11,65.7
2017-07-12,63.1
2017-07-13,59.3
2017-07-14,56.0
2017-07-15,53.9
2017-07-16,52.1
2017-07-17,50.5
2017-07-18,48.7
2017-07-19,46.2
2017-07-20,44.2
2017-07-21,42.7
2017-07-22,41.5
2017-07-23,40.5
2017-07-24,39.8
2017-07-25,39.7
2017-07-26,38.8
2017-07-27,37.6
2017-07-28,36.6
2017-07-29,35.9
2017-07-30,35.4
2017-07-31,34.7
2017-08-01,34.2
2017-08-02,33.6
2017-08-03,33.7
2017-08-04,32.9
2017-08-05,32.5
2017-08-06,32.0
2017-08-07,31.2
2017-08-08,30.7
2017-08-09,30.7
2017-08-10,30.0
2017-08-11,30.1
2017-08-12,29.6
2017-08-13,29.3
2017-08-14,29.8
2017-08-15,30.5
2017-08-16,29.5
2017-08-17,28.3
2017-08-18,27.4
2017-08-19,26.7
2017-08-20,26.5
2017-08-21,26.3
2017-08-22,25.7
2017-08-23,24.9
2017-08-24,24.3
2017-08-25,24.4
2017-08-26,24.4
2017-08-27,23.9
2017-08-28,23.2
2017-08-29,22.8
2017-08-30,22.7
2017-08-31,22.6
2017-09-01,22.4
2017-09-02,22.2
2017-09-03,21.8
2017-09-04,21.7
2017-09-05,22.0
2017-09-06,22.2
2017-09-07,21.9
2017-09-08,21.7
2017-09-09,21.7
2017-09-10,21.4
2017-09-11,21.4
2017-09-12,21.2
2017-09-13,20.8
2017-09-14,21.5
2017-09-15,22.0
2017-09-16,21.8
2017-09-17,21.2
2017-09-18,21.1
2017-09-19,20.6
2017-09-20,20.0
2017-09-21,19.6
2017-09-22,19.6
2017-09-23,19.2
2017-09-24,18.8
2017-09-25,18.4
2017-09-26,18.1
2017-09-27,17.8
2017-09-28,17.5
2017-09-29,17.2
2017-09-30,17.0
2017-10-01,17.1
2017-10-02,17.8
2017-10-03,18.0
2017-10-04,17.5
2017-10-05,17.1
2017-10-06,16.9
2017-10-07,17.1
2017-10-08,17.0
2017-10-09,16.8
2017-10-10,16.6
2017-10-11,16.7
2017-10-12,16.5
2017-10-13,16.4
2017-10-14,16.2
2017-10-15,15.9
2017-10-16,15.8
2017-10-17,15.6
2017-10-18,16.1
2017-10-19,22.3
2017-10-20,28.2
2017-10-21,23.1
2017-10-22,23.0
2017-10-23,21.6
2017-10-24,20.1
2017-10-25,19.3
2017-10-26,19.2
2017-10-27,18.8
2017-10-28,18.4
2017-10-29,18.0
2017-10-30,17.7
2017-10-31,17.3
2017-11-01,17.8
2017-11-02,17.5
2017-11-03,16.9
2017-11-04,15.7
2017-11-05,15.3
2017-11-06,15.4
2017-11-07,12.7
2017-11-08,14.8
2017-11-09,15.1
2017-11-10,15.4
2017-11-11,14.9
2017-11-12,14.7
2017-11-13,15.1
2017-11-14,15.3
2017-11-15,15.0
2017-11-16,16.0
2017-11-17,15.2
2017-11-18,14.8
2017-11-19,14.7
2017-11-20,15.3
2017-11-21,14.8
2017-11-22,16.6
2017-11-23,36.0
2017-11-24,52.5
2017-11-25,35.4
2017-11-26,30.3
2017-11-27,32.0
2017-11-28,29.4
2017-11-29,27.4
2017-11-30,25.5
2017-12-01,24.4
2017-12-02,23.8
2017-12-03,22.8
2017-12-04,20.9
2017-12-05,19.8
2017-12-06,19.8
2017-12-07,18.9
2017-12-08,18.3
2017-12-09,17.5
2017-12-10,16.6
2017-12-11,16.0
2017-12-12,16.3
2017-12-13,16.3
2017-12-14,16.4
2017-12-15,19.0
2017-12-16,18.5
2017-12-17,17.0
2017-12-18,17.7
2017-12-19,16.6
2017-12-20,16.2
2017-12-21,15.1
2017-12-22,15.5
2017-12-23,13.3
2017-12-24,10.5
2017-12-25,9.59
2017-12-26,9.89
2017-12-27,10.6
2017-12-28,10.8
2017-12-29,10.7
2017-12-30,10.6
2017-12-31,10.5
2018-01-01,10.1
2018-01-02,9.95
2018-01-03,10.2
2018-01-04,10.5
2018-01-05,10.8
2018-01-06,11.1
2018-01-07,11.5
2018-01-08,12.1
2018-01-09,13.8
2018-01-10,14.9
2018-01-11,14.9
2018-01-12,14.3
2018-01-13,14.5
2018-01-14,14.9
2018-01-15,15.2
2018-01-16,15.2
2018-01-17,15.3
2018-01-18,15.3
2018-01-19,15.3
2018-01-20,15.3
2018-01-21,15.2
2018-01-22,15.2
2018-01-23,15.1
2018-01-24,15.0
2018-01-25,14.8
2018-01-26,14.6
2018-01-27,14.4
2018-01-28,14.4
2018-01-29,14.5
2018-01-30,14.6
2018-01-31,14.7
2018-02-01,14.6
2018-02-02,14.5
2018-02-03,14.4
2018-02-04,14.2
2018-02-05,13.9
2018-02-06,13.7
2018-02-07,13.8
2018-02-08,13.4
2018-02-09,12.9
2018-02-10,12.7
2018-02-11,12.4
2018-02-12,12.1
2018-02-13,11.8
2018-02-14,11.7
2018-02-15,11.7
2018-02-16,11.3
2018-02-17,10.8
2018-02-18,10.5
2018-02-19,10.5
2018-02-20,10.4
2018-02-21,10.5
2018-02-22,10.5
2018-02-23,10.6
2018-02-24,10.7
2018-02-25,10.8
2018-02-26,10.8
2018-02-27,10.8
2018-02-28,10.9
2018-03-01,11.0
2018-03-02,11.1
2018-03-03,11.2
2018-03-04,11.3
2018-03-05,11.5
2018-03-06,11.6
2018-03-07,11.7
2018-03-08,11.8
2018-03-09,11.9
2018-03-10,12.0
2018-03-11,12.1
2018-03-12,12.2
2018-03-13,12.4
2018-03-14,12.5
2018-03-15,12.7
2018-03-16,12.8
2018-03-17,12.9
2018-03-18,12.9
2018-03-19,12.8
2018-03-20,12.9
2018-03-21,13.1
2018-03-22,13.6
2018-03-23,13.9
2018-03-24,13.9
2018-03-25,13.2
2018-03-26,12.7
2018-03-27,13.0
2018-03-28,13.2
2018-03-29,13.2
2018-03-30,14.1
2018-03-31,14.0
2018-04-01,13.2
2018-04-02,13.5
2018-04-03,12.5
2018-04-04,13.1
2018-04-05,13.2
2018-04-06,12.6
2018-04-07,12.7
2018-04-08,13.3
2018-04-09,14.8
2018-04-10,16.5
2018-04-11,18.7
2018-04-12,20.0
2018-04-13,18.7
2018-04-14,19.4
2018-04-15,22.8
2018-04-16,25.7
2018-04-17,24.8
2018-04-18,23.9
2018-04-19,24.1
2018-04-20,26.2
2018-04-21,31.0
2018-04-22,32.5
2018-04-23,31.4
2018-04-24,33.3
2018-04-25,38.3
2018-04-26,46.0
2018-04-27,56.9
2018-04-28,75.4
2018-04-29,104.0
2018-04-30,107.0
2018-05-01,96.4
2018-05-02,89.3
2018-05-03,90.2
2018-05-04,107.0
2018-05-05,131.0
2018-05-06,154.0
2018-05-07,176.0
2018-05-08,210.0
2018-05-09,235.0
2018-05-10,233.0
2018-05-11,218.0
2018-05-12,194.0
2018-05-13,192.0
2018-05-14,211.0
2018-05-15,256.0
2018-05-16,296.0
2018-05-17,320.0
2018-05-18,296.0
2018-05-19,247.0
2018-05-20,215.0
2018-05-21,214.0
2018-05-22,225.0
2018-05-23,237.0
2018-05-24,252.0
2018-05-25,266.0
2018-05-26,279.0
2018-05-27,268.0
2018-05-28,250.0
2018-05-29,240.0
2018-05-30,222.0
2018-05-31,195.0
2018-06-01,168.0
2018-06-02,146.0
2018-06-03,134.0
2018-06-04,136.0
2018-06-05,140.0
2018-06-06,131.0
2018-06-07,122.0
2018-06-08,119.0
2018-06-09,120.0
2018-06-10,120.0
2018-06-11,111.0
2018-06-12,98.4
2018-06-13,88.0
2018-06-14,83.4
2018-06-15,80.7
2018-06-16,80.1
2018-06-17,86.6
2018-06-18,85.1
2018-06-19,83.3
2018-06-20,79.9
2018-06-21,81.4
2018-06-22,88.0
2018-06-23,89.9
2018-06-24,93.7
2018-06-25,96.3
2018-06-26,94.2
2018-06-27,88.7
2018-06-28,80.4
2018-06-29,74.6
2018-06-30,70.4
2018-07-01,67.8
2018-07-02,70.2
2018-07-03,72.6
2018-07-04,71.8
2018-07-05,69.9
2018-07-06,68.1
2018-07-07,68.3
2018-07-08,67.9
2018-07-09,64.2
2018-07-10,61.9
2018-07-11,60.2
2018-07-12,57.6
2018-07-13,55.0
2018-07-14,52.8
2018-07-15,51.9
2018-07-16,50.3
2018-07-17,47.9
2018-07-18,45.7
2018-07-19,45.0
2018-07-20,44.5
2018-07-21,43.0
2018-07-22,41.7
2018-07-23,40.1
2018-07-24,38.8
2018-07-25,38.3
2018-07-26,37.8
2018-07-27,38.0
2018-07-28,37.6
2018-07-29,37.0
2018-07-30,35.9
2018-07-31,35.1
2018-08-01,34.5
2018-08-02,34.1
2018-08-03,33.9
2018-08-04,34.6
2018-08-05,34.0
2018-08-06,32.6
2018-08-07,31.5
2018-08-08,30.8
2018-08-09,30.4
2018-08-10,30.0
2018-08-11,30.1
2018-08-12,30.5
2018-08-13,30.5
2018-08-14,29.6
2018-08-15,28.4
2018-08-16,27.5
2018-08-17,27.1
2018-08-18,26.8
2018-08-19,26.6
2018-08-20,26.3
2018-08-21,26.0
2018-08-22,25.2
2018-08-23,24.7
2018-08-24,24.8
2018-08-25,25.6
2018-08-26,25.4
2018-08-27,25.9
2018-08-28,24.9
2018-08-29,23.9
2018-08-30,23.2
2018-08-31,22.5
2018-09-01,22.0
2018-09-02,21.7
2018-09-03,21.3
2018-09-04,21.2
2018-09-05,20.8
2018-09-06,20.4
2018-09-07,19.9
2018-09-08,19.5
2018-09-09,19.3
2018-09-10,19.5
2018-09-11,20.0
2018-09-12,20.0
2018-09-13,19.6
2018-09-14,19.9
2018-09-15,20.0
2018-09-16,19.8
2018-09-17,20.6
2018-09-18,20.0
2018-09-19,19.4
2018-09-20,19.0
2018-09-21,19.3
2018-09-22,19.7
2018-09-23,20.1
2018-09-24,19.9
2018-09-25,20.1
2018-09-26,20.1
2018-09-27,20.2
2018-09-28,20.2
2018-09-29,20.0
2018-09-30,19.7
2018-10-01,19.5
2018-10-02,20.9
2018-10-03,21.1
2018-10-04,20.1
2018-10-05,19.9
2018-10-06,19.7
2018-10-07,19.5
2018-10-08,19.2
2018-10-09,19.0
2018-10-10,18.8
2018-10-11,18.6
2018-10-12,18.3
2018-10-13,18.2
2018-10-14,18.0
2018-10-15,17.8
2018-10-16,17.6
2018-10-17,17.4
2018-10-18,17.4
2018-10-19,17.5
2018-10-20,17.3
2018-10-21,17.6
2018-10-22,17.5
2018-10-23,17.3
2018-10-24,17.3
2018-10-25,17.2
2018-10-26,17.7
2018-10-27,18.7
2018-10-28,19.2
2018-10-29,19.4
2018-10-30,18.8
2018-10-31,18.4
2018-11-01,18.1
2018-11-02,20.2
2018-11-03,22.6
2018-11-04,21.9
2018-11-05,20.5
2018-11-06,20.0
2018-11-07,19.6
2018-11-08,18.0
2018-11-09,17.7
2018-11-10,17.8
2018-11-11,17.3
2018-11-12,16.7
2018-11-13,17.0
2018-11-14,16.6
2018-11-15,16.6
2018-11-16,16.6
2018-11-17,15.4
2018-11-18,14.9
2018-11-19,15.4
2018-11-20,15.9
2018-11-21,15.3
2018-11-22,15.2
2018-11-23,15.4
2018-11-24,14.7
2018-11-25,14.4
2018-11-26,14.2
2018-11-27,14.5
2018-11-28,14.5
2018-11-29,14.3
2018-11-30,14.1
2018-12-01,14.1
2018-12-02,13.9
2018-12-03,13.8
2018-12-04,12.4
2018-12-05,11.2
2018-12-06,9.11
2018-12-07,7.94
2018-12-08,7.48
2018-12-09,7.57
2018-12-10,8.12
2018-12-11,8.99
2018-12-12,10.0
2018-12-13,11.0
2018-12-14,11.8
2018-12-15,12.2
2018-12-16,12.4
2018-12-17,12.4
2018-12-18,13.1
2018-12-19,13.1
2018-12-20,12.7
2018-12-21,13.1
2018-12-22,11.2
2018-12-23,8.9
2018-12-24,9.83
2018-12-25,9.64
2018-12-26,8.39
2018-12-27,8.18
2018-12-28,8.31
2018-12-29,9.07
2018-12-30,8.81
2018-12-31,7.31
2019-01-01,6.78
2019-01-02,7.99
2019-01-03,10.9
2019-01-04,15.1
2019-01-05,13.1
2019-01-06,12.2
2019-01-07,11.0
2019-01-08,9.91
2019-01-09,10.1
2019-01-10,11.9
2019-01-11,11.5
2019-01-12,11.1
2019-01-13,11.1
2019-01-14,10.4
2019-01-15,7.54
2019-01-16,6.97
2019-01-17,7.3
2019-01-18,7.77
2019-01-19,8.88
2019-01-20,10.2
2019-01-21,10.8
2019-01-22,9.87
2019-01-23,10.9
2019-01-24,10.2
2019-01-25,9.67
2019-01-26,10.4
2019-01-27,10.7
2019-01-28,10.3
2019-01-29,8.98
2019-01-30,7.76
2019-01-31,9.13
2019-02-01,11.4
2019-02-02,13.6
2019-02-03,10.2
2019-02-04,5.98
2019-02-05,5.08
2019-02-06,5.9
2019-02-07,5.95
2019-02-08,5.93
2019-02-09,5.91
2019-02-10,5.9
2019-02-11,5.88
2019-02-12,5.86
2019-02-13,5.84
2019-02-14,5.83
2019-02-15,5.81
2019-02-16,5.79
2019-02-17,5.77
2019-02-18,5.76
2019-02-19,5.74
2019-02-20,5.72
2019-02-21,5.7
2019-02-22,5.69
2019-02-23,5.67
2019-02-24,5.65
2019-02-25,5.63
2019-02-26,5.62
2019-02-27,5.6
2019-02-28,5.58
2019-03-01,5.56
2019-03-02,5.55
2019-03-03,5.58
2019-03-04,5.81
2019-03-05,6.1
2019-03-06,6.4
2019-03-07,6.7
2019-03-08,6.99
2019-03-09,7.29
2019-03-10,7.61
2019-03-11,8.09
2019-03-12,8.78
2019-03-13,9.53
2019-03-14,10.3
2019-03-15,11.2
2019-03-16,12.0
2019-03-17,12.6
2019-03-18,13.0
2019-03-19,13.4
2019-03-20,14.1
2019-03-21,15.1
2019-03-22,16.4
2019-03-23,17.2
2019-03-24,17.9
2019-03-25,19.0
2019-03-26,19.1
2019-03-27,18.7
2019-03-28,18.6
2019-03-29,18.6
2019-03-30,18.5
2019-03-31,19.4
2019-04-01,20.5
2019-04-02,20.2
2019-04-03,19.9
2019-04-04,20.2
2019-04-05,20.8
2019-04-06,21.6
2019-04-07,21.9
2019-04-08,21.2
2019-04-09,21.0
2019-04-10,21.1
2019-04-11,21.3
2019-04-12,21.1
2019-04-13,21.2
2019-04-14,22.0
2019-04-15,21.2
2019-04-16,20.2
2019-04-17,19.9
2019-04-18,20.0
2019-04-19,23.7
2019-04-20,37.1
2019-04-21,36.0
2019-04-22,34.5
2019-04-23,36.5
2019-04-24,41.4
2019-04-25,41.6
2019-04-26,40.7
2019-04-27,39.2
2019-04-28,36.1
2019-04-29,33.3
2019-04-30,31.7
2019-05-01,30.4
2019-05-02,29.4
2019-05-03,28.4
2019-05-04,27.8
2019-05-05,28.6
2019-05-06,29.1
2019-05-07,30.3
2019-05-08,33.0
2019-05-09,35.1
2019-05-10,38.2
2019-05-11,43.8
2019-05-12,62.6
2019-05-13,91.3
2019-05-14,103.0
2019-05-15,115.0
2019-05-16,129.0
2019-05-17,120.0
2019-05-18,101.0
2019-05-19,85.1
2019-05-20,73.7
2019-05-21,65.3
2019-05-22,58.7
2019-05-23,54.7
2019-05-24,55.9
2019-05-25,61.5
2019-05-26,68.5
2019-05-27,70.0
2019-05-28,76.1
2019-05-29,91.6
2019-05-30,114.0
2019-05-31,138.0
2019-06-01,147.0
2019-06-02,160.0
2019-06-03,173.0
2019-06-04,173.0
2019-06-05,154.0
2019-06-06,136.0
2019-06-07,121.0
2019-06-08,108.0
2019-06-09,92.5
2019-06-10,81.6
2019-06-11,75.3
2019-06-12,73.7
2019-06-13,79.2
2019-06-14,89.7
2019-06-15,91.3
2019-06-16,87.4
2019-06-17,82.7
2019-06-18,79.5
2019-06-19,78.0
2019-06-20,74.5
2019-06-21,73.7
2019-06-22,77.7
2019-06-23,83.7
2019-06-24,104.0
2019-06-25,115.0
2019-06-26,111.0
2019-06-27,105.0
2019-06-28,107.0
2019-06-29,102.0
2019-06-30,92.5
2019-07-01,83.5
2019-07-02,77.2
2019-07-03,74.9
2019-07-04,71.1
2019-07-05,82.3
2019-07-06,97.0
2019-07-07,95.4
2019-07-08,90.0
2019-07-09,82.7
2019-07-10,75.9
2019-07-11,71.2
2019-07-12,67.7
2019-07-13,64.7
2019-07-14,61.2
2019-07-15,58.4
2019-07-16,56.3
2019-07-17,54.3
2019-07-18,57.6
2019-07-19,55.5
2019-07-20,56.9
2019-07-21,69.7
2019-07-22,71.3
2019-07-23,69.8
2019-07-24,68.7
2019-07-25,65.5
2019-07-26,62.0
2019-07-27,57.6
2019-07-28,55.2
2019-07-29,52.0
2019-07-30,48.9
2019-07-31,46.5
2019-08-01,44.2
2019-08-02,42.5
2019-08-03,41.2
2019-08-04,40.3
2019-08-05,38.9
2019-08-06,37.3
2019-08-07,35.9
2019-08-08,35.0
2019-08-09,34.4
2019-08-10,34.9
2019-08-11,36.2
2019-08-12,35.3
2019-08-13,34.5
2019-08-14,33.5
2019-08-15,32.9
2019-08-16,31.9
2019-08-17,34.4
2019-08-18,34.2
2019-08-19,32.6
2019-08-20,31.3
2019-08-21,30.6
2019-08-22,29.7
2019-08-23,29.4
2019-08-24,28.8
2019-08-25,28.4
2019-08-26,28.1
2019-08-27,27.1
2019-08-28,26.0
2019-08-29,24.9
2019-08-30,24.6
2019-08-31,24.7
2019-09-01,24.3
2019-09-02,24.1
2019-09-03,24.2
2019-09-04,23.9
2019-09-05,23.7
2019-09-06,23.9
2019-09-07,24.0
2019-09-08,23.3
2019-09-09,24.1
2019-09-10,27.2
2019-09-11,26.1
2019-09-12,25.3
2019-09-13,25.0
2019-09-14,24.7
2019-09-15,24.4
2019-09-16,23.9
2019-09-17,23.3
2019-09-18,23.2
2019-09-19,25.4
2019-09-20,24.6
2019-09-21,23.3
2019-09-22,22.5
2019-09-23,22.3
2019-09-24,22.3
2019-09-25,22.3
2019-09-26,22.3
2019-09-27,22.4
2019-09-28,22.3
2019-09-29,22.0
2019-09-30,21.8
2019-10-01,21.2
2019-10-02,20.8
2019-10-03,20.4
2019-10-04,20.1
2019-10-05,19.9
2019-10-06,19.6
2019-10-07,19.5
2019-10-08,24.9
2019-10-09,25.8
2019-10-10,23.1
2019-10-11,21.9
2019-10-12,21.0
2019-10-13,20.7
2019-10-14,20.5
2019-10-15,20.3
2019-10-16,20.0
2019-10-17,20.3
2019-10-18,21.4
2019-10-19,21.2
2019-10-20,20.7
2019-10-21,20.3
2019-10-22,19.9
2019-10-23,19.5
2019-10-24,19.1
2019-10-25,18.9
2019-10-26,19.2
2019-10-27,18.8
2019-10-28,18.5
2019-10-29,16.2
2019-10-30,14.7
2019-10-31,15.9
2019-11-01,16.3
2019-11-02,16.0
2019-11-03,16.3
2019-11-04,16.1
2019-11-05,15.9
2019-11-06,15.6
2019-11-07,14.4
2019-11-08,15.1
2019-11-09,15.5
2019-11-10,15.3
2019-11-11,13.2
2019-11-12,13.2
2019-11-13,14.8
2019-11-14,15.0
2019-11-15,14.6
2019-11-16,14.4
2019-11-17,14.6
2019-11-18,14.5
2019-11-19,14.8
2019-11-20,14.6
2019-11-21,13.8
2019-11-22,13.2
2019-11-23,13.4
2019-11-24,14.0
2019-11-25,13.5
2019-11-26,12.4
2019-11-27,10.8
2019-11-28,9.12
2019-11-29,7.97
2019-11-30,7.84
2019-12-01,8.56
2019-12-02,10.6
2019-12-03,13.8
2019-12-04,13.9
2019-12-05,12.7
2019-12-06,12.8
2019-12-07,13.4
2019-12-08,13.2
2019-12-09,11.5
2019-12-10,12.3
2019-12-11,12.7
2019-12-12,12.9
2019-12-13,12.7
2019-12-14,12.6
2019-12-15,12.4
2019-12-16,11.2
2019-12-17,11.2
2019-12-18,11.8
2019-12-19,12.0
2019-12-20,15.7
2019-12-21,29.1
2019-12-22,34.4
2019-12-23,25.2
2019-12-24,21.0
2019-12-25,18.6
2019-12-26,17.0
2019-12-27,15.5
2019-12-28,13.4
2019-12-29,13.5
2019-12-30,12.6
2019-12-31,14.2
2020-01-01,15.5
2020-01-02,14.1
2020-01-03,13.5
2020-01-04,13.8
2020-01-05,13.5
2020-01-06,13.5
2020-01-07,13.5
2020-01-08,13.8
2020-01-09,12.2
2020-01-10,8.82
2020-01-11,7.34
2020-01-12,7.12
2020-01-13,6.74
2020-01-14,6.23
2020-01-15,6.17
2020-01-16,7.78
2020-01-17,9.79
2020-01-18,11.2
2020-01-19,13.3
2020-01-20,15.6
2020-01-21,15.0
2020-01-22,14.2
2020-01-23,13.7
2020-01-24,13.4
2020-01-25,13.0
2020-01-26,12.7
2020-01-27,12.3
2020-01-28,12.1
2020-01-29,12.0
2020-01-30,11.8
2020-01-31,12.6
2020-02-01,17.6
2020-02-02,19.3
2020-02-03,18.1
2020-02-04,17.0
2020-02-05,17.2
2020-02-06,19.1
2020-02-07,17.4
2020-02-08,16.8
2020-02-09,15.6
2020-02-10,15.5
2020-02-11,15.0
2020-02-12,15.1
2020-02-13,14.6
2020-02-14,14.8
2020-02-15,14.8
2020-02-16,14.6
2020-02-17,13.9
2020-02-18,13.5
2020-02-19,12.3
2020-02-20,11.8
2020-02-21,13.0
2020-02-22,13.6
2020-02-23,13.3
2020-02-24,12.9
2020-02-25,12.4
2020-02-26,12.4
2020-02-27,12.2
2020-02-28,12.5
2020-02-29,13.1
2020-03-01,12.6
2020-03-02,12.4
2020-03-03,12.5
2020-03-04,12.9
2020-03-05,12.3
2020-03-06,12.6
2020-03-07,13.0
2020-03-08,12.2
2020-03-09,12.1
2020-03-10,11.6
2020-03-11,12.5
2020-03-12,11.5
2020-03-13,11.5
2020-03-14,8.92
2020-03-15,8.14
2020-03-16,11.0
2020-03-17,12.4
2020-03-18,12.0
2020-03-19,11.9
2020-03-20,11.7
2020-03-21,12.5
2020-03-22,13.2
2020-03-23,13.6
2020-03-24,14.1
2020-03-25,14.1
2020-03-26,13.5
2020-03-27,13.7
2020-03-28,13.9
2020-03-29,15.9
2020-03-30,18.3
2020-03-31,18.1
2020-04-01,15.8
2020-04-02,15.1
2020-04-03,15.1
2020-04-04,14.4
2020-04-05,14.3
2020-04-06,14.2
2020-04-07,14.5
2020-04-08,15.3
2020-04-09,15.9
2020-04-10,17.8
2020-04-11,20.0
2020-04-12,18.5
2020-04-13,18.1
2020-04-14,18.5
2020-04-15,18.9
2020-04-16,18.3
2020-04-17,19.0
2020-04-18,20.2
2020-04-19,21.5
2020-04-20,23.6
2020-04-21,28.5
2020-04-22,35.6
2020-04-23,39.4
2020-04-24,42.7
2020-04-25,44.6
2020-04-26,48.8
2020-04-27,52.0
2020-04-28,53.1
2020-04-29,52.5
2020-04-30,60.3
2020-05-01,75.3
2020-05-02,76.1
2020-05-03,81.1
2020-05-04,78.9
2020-05-05,73.2
2020-05-06,73.6
2020-05-07,76.1
2020-05-08,76.7
2020-05-09,77.1
2020-05-10,76.3
2020-05-11,73.6
2020-05-12,69.7
2020-05-13,67.6
2020-05-14,66.1
2020-05-15,70.7
2020-05-16,79.9
2020-05-17,91.7
2020-05-18,101.0
2020-05-19,116.0
2020-05-20,124.0
2020-05-21,153.0
2020-05-22,186.0
2020-05-23,173.0
2020-05-24,156.0
2020-05-25,150.0
2020-05-26,155.0
2020-05-27,171.0
2020-05-28,184.0
2020-05-29,194.0
2020-05-30,224.0
2020-05-31,327.0
2020-06-01,406.0
2020-06-02,350.0
2020-06-03,304.0
2020-06-04,273.0
2020-06-05,239.0
2020-06-06,221.0
2020-06-07,222.0
2020-06-08,216.0
2020-06-09,198.0
2020-06-10,178.0
2020-06-11,172.0
2020-06-12,178.0
2020-06-13,195.0
2020-06-14,243.0
2020-06-15,244.0
2020-06-16,208.0
2020-06-17,178.0
2020-06-18,163.0
2020-06-19,160.0
2020-06-20,163.0
2020-06-21,164.0
2020-06-22,165.0
2020-06-23,167.0
2020-06-24,172.0
2020-06-25,170.0
2020-06-26,160.0
2020-06-27,158.0
2020-06-28,153.0
2020-06-29,139.0
2020-06-30,129.0
2020-07-01,139.0
2020-07-02,154.0
2020-07-03,152.0
2020-07-04,138.0
2020-07-05,128.0
2020-07-06,119.0
2020-07-07,112.0
2020-07-08,106.0
2020-07-09,99.3
2020-07-10,96.5
2020-07-11,93.6
2020-07-12,90.8
2020-07-13,89.7
2020-07-14,83.6
2020-07-15,76.6
2020-07-16,71.8
2020-07-17,70.6
2020-07-18,69.0
2020-07-19,66.5
2020-07-20,64.4
2020-07-21,62.4
2020-07-22,60.4
2020-07-23,58.8
2020-07-24,58.2
2020-07-25,58.1
2020-07-26,54.8
2020-07-27,51.4
2020-07-28,48.8
2020-07-29,47.5
2020-07-30,46.9
2020-07-31,46.5
2020-08-01,45.9
2020-08-02,47.3
2020-08-03,46.1
2020-08-04,44.8
2020-08-05,42.9
2020-08-06,41.3
2020-08-07,40.9
2020-08-08,39.7
2020-08-09,38.5
2020-08-10,36.8
2020-08-11,35.1
2020-08-12,34.0
2020-08-13,33.2
2020-08-14,32.4
2020-08-15,31.3
2020-08-16,30.2
2020-08-17,29.4
2020-08-18,29.2
2020-08-19,29.2
2020-08-20,29.4
2020-08-21,29.5
2020-08-22,28.7
2020-08-23,27.8
2020-08-24,27.6
2020-08-25,27.0
2020-08-26,26.5
2020-08-27,26.1
2020-08-28,25.7
2020-08-29,25.2
2020-08-30,24.9
2020-08-31,24.6
2020-09-01,24.1
2020-09-02,23.3
2020-09-03,22.8
2020-09-04,22.7
2020-09-05,22.4
2020-09-06,22.2
2020-09-07,23.1
2020-09-08,23.7
2020-09-09,23.5
2020-09-10,22.5
2020-09-11,21.7
2020-09-12,21.1
2020-09-13,20.8
2020-09-14,20.7
2020-09-15,20.6
2020-09-16,20.2
2020-09-17,20.1
2020-09-18,19.9
2020-09-19,19.7
2020-09-20,19.7
2020-09-21,19.7
2020-09-22,19.5
2020-09-23,19.3
2020-09-24,20.7
2020-09-25,22.1
2020-09-26,22.6
2020-09-27,21.3
2020-09-28,20.5
2020-09-29,20.0
2020-09-30,19.3
2020-10-01,18.9
2020-10-02,18.8
2020-10-03,18.5
2020-10-04,18.2
2020-10-05,17.8
2020-10-06,17.5
2020-10-07,17.3
2020-10-08,17.2
2020-10-09,17.4
2020-10-10,18.3
2020-10-11,19.6
2020-10-12,19.4
2020-10-13,19.7
2020-10-14,19.9
2020-10-15,19.1
2020-10-16,18.9
2020-10-17,18.5
2020-10-18,18.4
2020-10-19,18.0
2020-10-20,17.7
2020-10-21,17.8
2020-10-22,17.1
2020-10-23,16.7
2020-10-24,16.3
2020-10-25,14.4
2020-10-26,14.1
2020-10-27,15.1
2020-10-28,15.4
2020-10-29,15.1
2020-10-30,15.8
2020-10-31,16.1
2020-11-01,15.4
2020-11-02,15.1
2020-11-03,14.9
2020-11-04,16.8
2020-11-05,31.4
2020-11-06,37.6
2020-11-07,30.4
2020-11-08,27.2
2020-11-09,25.1
2020-11-10,24.0
2020-11-11,23.2
2020-11-12,22.2
2020-11-13,22.4
2020-11-14,22.1
2020-11-15,21.5
2020-11-16,21.1
2020-11-17,21.2
2020-11-18,22.1
2020-11-19,22.1
2020-11-20,21.1
2020-11-21,20.6
2020-11-22,20.0
2020-11-23,19.4
2020-11-24,19.3
2020-11-25,19.3
2020-11-26,18.8
2020-11-27,18.6
2020-11-28,18.4
2020-11-29,17.8
2020-11-30,17.2
2020-12-01,17.2
2020-12-02,16.2
2020-12-03,14.5
2020-12-04,13.4
2020-12-05,13.6
2020-12-06,13.2
2020-12-07,14.1
2020-12-08,17.6
2020-12-09,17.8
2020-12-10,17.2
2020-12-11,16.0
2020-12-12,14.9
2020-12-13,14.4
2020-12-14,15.2
2020-12-15,15.3
2020-12-16,15.3
2020-12-17,15.3
2020-12-18,15.0
2020-12-19,15.0
2020-12-20,15.6
2020-12-21,15.4
2020-12-22,16.5
2020-12-23,13.8
2020-12-24,12.4
2020-12-25,10.4
2020-12-26,11.7
2020-12-27,13.8
2020-12-28,13.4
2020-12-29,14.0
2020-12-30,13.4
2020-12-31,14.6
2021-01-01,15.7
2021-01-02,14.8
2021-01-03,15.7
2021-01-04,14.7
2021-01-05,14.4
2021-01-06,14.3
2021-01-07,14.1
2021-01-08,13.7
2021-01-09,13.5
2021-01-10,13.1
2021-01-11,13.4
2021-01-12,14.0
2021-01-13,17.9
2021-01-14,16.5
2021-01-15,14.5
2021-01-16,13.7
2021-01-17,14.3
2021-01-18,14.2
2021-01-19,13.1
2021-01-20,12.6
2021-01-21,11.9
2021-01-22,9.81
2021-01-23,9.57
2021-01-24,10.7
2021-01-25,11.3
2021-01-26,10.7
2021-01-27,10.6
2021-01-28,12.7
2021-01-29,13.8
2021-01-30,13.7
2021-01-31,13.5
2021-02-01,12.9
2021-02-02,13.4
2021-02-03,12.9
2021-02-04,12.2
2021-02-05,12.5
2021-02-06,11.3
2021-02-07,8.92
2021-02-08,7.87
2021-02-09,7.74
2021-02-10,7.63
2021-02-11,7.52
2021-02-12,7.44
2021-02-13,7.46
2021-02-14,7.57
2021-02-15,7.68
2021-02-16,7.83
2021-02-17,8.04
2021-02-18,8.25
2021-02-19,8.46
2021-02-20,8.67
2021-02-21,8.89
2021-02-22,9.15
2021-02-23,9.5
2021-02-24,9.85
2021-02-25,10.2
2021-02-26,10.7
2021-02-27,11.2
2021-02-28,11.7
2021-03-01,12.0
2021-03-02,12.2
2021-03-03,12.4
2021-03-04,12.6
2021-03-05,12.8
2021-03-06,12.8
2021-03-07,12.8
2021-03-08,12.7
2021-03-09,12.6
2021-03-10,12.9
2021-03-11,14.2
2021-03-12,14.0
2021-03-13,13.4
2021-03-14,12.6
2021-03-15,14.8
2021-03-16,15.9
2021-03-17,16.4
2021-03-18,15.9
2021-03-19,18.3
2021-03-20,20.1
2021-03-21,19.7
2021-03-22,18.9
2021-03-23,18.6
2021-03-24,18.3
2021-03-25,18.3
2021-03-26,18.2
2021-03-27,18.1
2021-03-28,20.6
2021-03-29,24.3
2021-03-30,21.1
2021-03-31,20.1
2021-04-01,20.1
2021-04-02,20.3
2021-04-03,21.3
2021-04-04,23.1
2021-04-05,24.5
2021-04-06,24.3
2021-04-07,25.0
2021-04-08,27.4
2021-04-09,26.6
2021-04-10,26.4
2021-04-11,25.6
2021-04-12,24.5
2021-04-13,23.6
2021-04-14,23.2
2021-04-15,23.3
2021-04-16,24.3
2021-04-17,26.3
2021-04-18,30.3
2021-04-19,31.1
2021-04-20,30.3
2021-04-21,30.5
2021-04-22,33.4
2021-04-23,33.6
2021-04-24,33.5
2021-04-25,33.1
2021-04-26,32.5
2021-04-27,32.1
2021-04-28,33.1
2021-04-29,37.4
2021-04-30,49.1
2021-05-01,64.7
2021-05-02,72.0
2021-05-03,67.9
2021-05-04,65.1
2021-05-05,63.4
2021-05-06,64.7
2021-05-07,75.9
2021-05-08,84.7
2021-05-09,79.7
2021-05-10,71.3
2021-05-11,65.7
2021-05-12,62.6
2021-05-13,63.8
2021-05-14,69.3
2021-05-15,80.0
2021-05-16,101.0
2021-05-17,131.0
2021-05-18,175.0
2021-05-19,166.0
2021-05-20,142.0
2021-05-21,120.0
2021-05-22,104.0
2021-05-23,95.1
2021-05-24,101.0
2021-05-25,114.0
2021-05-26,130.0
2021-05-27,144.0
2021-05-28,165.0
2021-05-29,159.0
2021-05-30,150.0
2021-05-31,154.0
2021-06-01,180.0
2021-06-02,221.0
2021-06-03,272.0
2021-06-04,309.0
2021-06-05,312.0
2021-06-06,271.0
2021-06-07,215.0
2021-06-08,173.0
2021-06-09,147.0
2021-06-10,133.0
2021-06-11,123.0
2021-06-12,115.0
2021-06-13,111.0
2021-06-14,120.0
2021-06-15,144.0
2021-06-16,160.0
2021-06-17,152.0
2021-06-18,136.0
2021-06-19,126.0
2021-06-20,130.0
2021-06-21,128.0
2021-06-22,123.0
2021-06-23,122.0
2021-06-24,131.0
2021-06-25,127.0
2021-06-26,118.0
2021-06-27,113.0
2021-06-28,111.0
2021-06-29,109.0
2021-06-30,105.0
2021-07-01,99.5
2021-07-02,92.7
2021-07-03,86.1
2021-07-04,80.1
2021-07-05,76.0
2021-07-06,76.7
2021-07-07,73.2
2021-07-08,69.7
2021-07-09,68.7
2021-07-10,67.1
2021-07-11,62.6
2021-07-12,59.5
2021-07-13,55.8
2021-07-14,53.9
2021-07-15,52.3
2021-07-16,50.0
2021-07-17,48.1
2021-07-18,46.2
2021-07-19,44.8
2021-07-20,43.7
2021-07-21,42.7
2021-07-22,41.7
2021-07-23,40.2
2021-07-24,38.9
2021-07-25,37.5
2021-07-26,36.5
2021-07-27,35.7
2021-07-28,35.2
2021-07-29,34.7
2021-07-30,34.1
2021-07-31,33.6
2021-08-01,33.3
2021-08-02,33.8
2021-08-03,34.5
2021-08-04,33.8
2021-08-05,33.7
2021-08-06,32.6
2021-08-07,31.5
2021-08-08,34.8
2021-08-09,36.7
2021-08-10,34.0
2021-08-11,32.1
2021-08-12,31.1
2021-08-13,30.7
2021-08-14,29.9
2021-08-15,29.2
2021-08-16,28.5
2021-08-17,37.2
2021-08-18,48.7
2021-08-19,44.3
2021-08-20,41.2
2021-08-21,39.0
2021-08-22,38.8
2021-08-23,38.1
2021-08-24,37.1
2021-08-25,35.8
2021-08-26,34.2
2021-08-27,33.1
2021-08-28,32.2
2021-08-29,30.9
2021-08-30,29.8
2021-08-31,29.0
2021-09-01,28.4
2021-09-02,28.1
2021-09-03,27.4
2021-09-04,26.5
2021-09-05,25.6
2021-09-06,24.9
2021-09-07,24.3
2021-09-08,24.1
2021-09-09,23.8
2021-09-10,23.5
2021-09-11,24.0
2021-09-12,24.1
2021-09-13,24.5
2021-09-14,24.1
2021-09-15,23.5
2021-09-16,23.0
2021-09-17,22.8
2021-09-18,23.1
2021-09-19,23.2
2021-09-20,22.9
2021-09-21,22.4
2021-09-22,21.8
2021-09-23,21.2
2021-09-24,20.8
2021-09-25,20.3
2021-09-26,19.9
2021-09-27,19.7
2021-09-28,20.6
2021-09-29,20.3
2021-09-30,20.4
2021-10-01,20.1
2021-10-02,19.7
2021-10-03,19.5
2021-10-04,19.3
2021-10-05,19.0
2021-10-06,18.6
2021-10-07,18.4
2021-10-08,18.3
2021-10-09,18.1
2021-10-10,18.3
2021-10-11,18.1
2021-10-12,17.8
2021-10-13,17.6
2021-10-14,17.4
2021-10-15,17.1
2021-10-16,16.9
2021-10-17,16.7
2021-10-18,16.6
2021-10-19,16.4
2021-10-20,16.3
2021-10-21,16.3
2021-10-22,16.1
2021-10-23,17.1
2021-10-24,17.3
2021-10-25,18.1
2021-10-26,17.8
2021-10-27,18.5
2021-10-28,19.2
2021-10-29,39.6
2021-10-30,38.8
2021-10-31,29.2
2021-11-01,24.9
2021-11-02,23.0
2021-11-03,22.1
2021-11-04,21.5
2021-11-05,23.4
2021-11-06,24.1
2021-11-07,23.3
2021-11-08,22.6
2021-11-09,21.6
2021-11-10,21.1
2021-11-11,20.1
2021-11-12,20.4
2021-11-13,22.0
2021-11-14,27.2
2021-11-15,119.0
2021-11-16,109.0
2021-11-17,67.3
2021-11-18,51.6
2021-11-19,45.1
2021-11-20,40.4
2021-11-21,37.1
2021-11-22,34.8
2021-11-23,33.2
2021-11-24,31.7
2021-11-25,30.5
2021-11-26,30.8
2021-11-27,29.2
2021-11-28,31.9
2021-11-29,37.2
2021-11-30,38.1
2021-12-01,61.3
2021-12-02,89.6
2021-12-03,70.1
2021-12-04,60.5
2021-12-05,52.8
2021-12-06,46.6
2021-12-07,43.3
2021-12-08,42.1
2021-12-09,39.7
2021-12-10,37.5
2021-12-11,37.0
2021-12-12,36.1
2021-12-13,33.9
2021-12-14,33.3
2021-12-15,31.9
2021-12-16,30.2
2021-12-17,26.2
2021-12-18,21.6
2021-12-19,20.0
2021-12-20,19.7
2021-12-21,19.8
2021-12-22,19.9
2021-12-23,19.0
2021-12-24,17.9
2021-12-25,16.7
2021-12-26,15.5
2021-12-27,14.3
2021-12-28,13.5
2021-12-29,13.3
2021-12-30,13.1
2021-12-31,12.9
2022-01-01,13.1
2022-01-02,13.7
2022-01-03,14.2
2022-01-04,14.8
2022-01-05,15.5
2022-01-06,16.2
2022-01-07,17.0
2022-01-08,18.2
2022-01-09,20.2
2022-01-10,22.0
2022-01-11,23.0
2022-01-12,23.9
2022-01-13,24.3
2022-01-14,23.8
2022-01-15,23.3
2022-01-16,22.8
2022-01-17,22.5
2022-01-18,22.2
2022-01-19,19.4
2022-01-20,18.8
2022-01-21,21.9
2022-01-22,20.6
2022-01-23,19.8
2022-01-24,19.3
2022-01-25,18.9
2022-01-26,18.7
2022-01-27,18.6
2022-01-28,17.9
2022-01-29,17.8
2022-01-30,17.9
2022-01-31,19.4
2022-02-01,17.1
2022-02-02,13.3
2022-02-03,12.9
2022-02-04,14.9
2022-02-05,17.5
2022-02-06,17.3
2022-02-07,16.2
2022-02-08,15.6
2022-02-09,15.2
2022-02-10,15.6
2022-02-11,15.6
2022-02-12,15.0
2022-02-13,15.0
2022-02-14,15.1
2022-02-15,15.1
2022-02-16,15.0
2022-02-17,14.5
2022-02-18,14.4
2022-02-19,14.2
2022-02-20,13.8
2022-02-21,11.6
2022-02-22,8.39
2022-02-23,7.43
2022-02-24,7.67
2022-02-25,8.07
2022-02-26,8.52
2022-02-27,9.37
2022-02-28,10.6
2022-03-01,13.0
2022-03-02,13.9
2022-03-03,14.2
2022-03-04,14.0
2022-03-05,13.1
2022-03-06,12.6
2022-03-07,12.0
2022-03-08,12.4
2022-03-09,11.1
2022-03-10,10.3
2022-03-11,11.2
2022-03-12,11.6
2022-03-13,11.7
2022-03-14,12.3
2022-03-15,14.2
2022-03-16,14.9
2022-03-17,14.0
2022-03-18,13.9
2022-03-19,14.4
2022-03-20,16.0
2022-03-21,15.5
2022-03-22,14.6
2022-03-23,14.3
2022-03-24,19.7
2022-03-25,21.2
2022-03-26,19.9
2022-03-27,18.0
2022-03-28,19.8
2022-03-29,26.8
2022-03-30,27.9
2022-03-31,27.7
2022-04-01,27.0
2022-04-02,26.8
2022-04-03,26.6
2022-04-04,26.9
2022-04-05,26.4
2022-04-06,25.1
2022-04-07,24.6
2022-04-08,25.4
2022-04-09,27.2
2022-04-10,27.2
2022-04-11,26.6
2022-04-12,25.6
2022-04-13,24.4
2022-04-14,23.8
2022-04-15,23.0
2022-04-16,22.8
2022-04-17,22.6
2022-04-18,22.1
2022-04-19,22.7
2022-04-20,22.0
2022-04-21,21.6
2022-04-22,21.5
2022-04-23,22.0
2022-04-24,23.0
2022-04-25,25.2
2022-04-26,28.8
2022-04-27,31.7
2022-04-28,32.2
2022-04-29,32.8
2022-04-30,34.5
2022-05-01,36.3
2022-05-02,38.6
2022-05-03,42.5
2022-05-04,52.6
2022-05-05,67.2
2022-05-06,105.0
2022-05-07,104.0
2022-05-08,94.6
2022-05-09,84.9
2022-05-10,75.9
2022-05-11,68.5
2022-05-12,64.0
2022-05-13,61.8
2022-05-14,58.8
2022-05-15,57.0
2022-05-16,61.7
2022-05-17,77.2
2022-05-18,84.2
2022-05-19,84.9
2022-05-20,80.0
2022-05-21,73.7
2022-05-22,68.7
2022-05-23,65.6
2022-05-24,67.2
2022-05-25,73.2
2022-05-26,80.1
2022-05-27,98.3
2022-05-28,129.0
2022-05-29,135.0
2022-05-30,129.0
2022-05-31,125.0
2022-06-01,123.0
2022-06-02,124.0
2022-06-03,132.0
2022-06-04,141.0
2022-06-05,162.0
2022-06-06,193.0
2022-06-07,210.0
2022-06-08,211.0
2022-06-09,204.0
2022-06-10,230.0
2022-06-11,269.0
2022-06-12,282.0
2022-06-13,285.0
2022-06-14,295.0
2022-06-15,255.0
2022-06-16,238.0
2022-06-17,255.0
2022-06-18,338.0
2022-06-19,385.0
2022-06-20,367.0
2022-06-21,323.0
2022-06-22,293.0
2022-06-23,290.0
2022-06-24,278.0
2022-06-25,238.0
2022-06-26,202.0
2022-06-27,189.0
2022-06-28,193.0
2022-06-29,201.0
2022-06-30,194.0
2022-07-01,176.0
2022-07-02,166.0
2022-07-03,165.0
2022-07-04,163.0
2022-07-05,171.0
2022-07-06,168.0
2022-07-07,155.0
2022-07-08,146.0
2022-07-09,143.0
2022-07-10,137.0
2022-07-11,127.0
2022-07-12,119.0
2022-07-13,115.0
2022-07-14,112.0
2022-07-15,106.0
2022-07-16,99.3
2022-07-17,94.8
2022-07-18,92.0
2022-07-19,87.1
2022-07-20,79.9
2022-07-21,75.9
2022-07-22,73.3
2022-07-23,71.5
2022-07-24,67.3
2022-07-25,63.8
2022-07-26,61.6
2022-07-27,59.6
2022-07-28,57.7
2022-07-29,56.3
2022-07-30,55.9
2022-07-31,54.3
2022-08-01,52.2
2022-08-02,50.2
2022-08-03,48.5
2022-08-04,46.6
2022-08-05,45.5
2022-08-06,43.4
2022-08-07,41.0
2022-08-08,39.2
2022-08-09,38.1
2022-08-10,37.9
2022-08-11,37.7
2022-08-12,36.8
2022-08-13,36.5
2022-08-14,35.9
2022-08-15,35.2
2022-08-16,34.3
2022-08-17,33.5
2022-08-18,32.8
2022-08-19,32.2
2022-08-20,31.8
2022-08-21,31.9
2022-08-22,31.7
2022-08-23,31.4
2022-08-24,35.0
2022-08-25,37.6
2022-08-26,36.0
2022-08-27,36.0
2022-08-28,38.2
2022-08-29,38.2
2022-08-30,35.7
2022-08-31,33.8
2022-09-01,32.8
2022-09-02,32.0
2022-09-03,31.3
2022-09-04,30.4
2022-09-05,29.5
2022-09-06,29.1
2022-09-07,28.5
2022-09-08,27.6
2022-09-09,27.5
2022-09-10,26.8
2022-09-11,26.0
2022-09-12,25.3
2022-09-13,24.8
2022-09-14,24.3
2022-09-15,25.2
2022-09-16,24.9
2022-09-17,24.5
2022-09-18,23.9
2022-09-19,23.5
2022-09-20,23.4
2022-09-21,22.8
2022-09-22,22.7
2022-09-23,22.3
2022-09-24,21.9
2022-09-25,21.3
2022-09-26,21.0
2022-09-27,20.5
2022-09-28,20.0
2022-09-29,20.0
2022-09-30,20.6
2022-10-01,20.8
2022-10-02,20.5
2022-10-03,20.4
2022-10-04,20.0
2022-10-05,19.7
2022-10-06,19.4
2022-10-07,19.2
2022-10-08,19.0
2022-10-09,18.8
2022-10-10,18.7
2022-10-11,18.8
2022-10-12,18.4
2022-10-13,18.2
2022-10-14,18.0
2022-10-15,17.8
2022-10-16,17.5
2022-10-17,17.4
2022-10-18,17.2
2022-10-19,17.0
2022-10-20,16.8
2022-10-21,16.8
2022-10-22,17.8
2022-10-23,17.1
2022-10-24,16.9
2022-10-25,16.7
2022-10-26,16.4
2022-10-27,16.1
2022-10-28,16.4
2022-10-29,16.2
2022-10-30,16.2
2022-10-31,21.6
2022-11-01,23.3
2022-11-02,22.4
2022-11-03,19.7
2022-11-04,18.7
2022-11-05,21.1
2022-11-06,19.4
2022-11-07,15.8
2022-11-08,14.3
2022-11-09,12.0
2022-11-10,11.4
2022-11-11,13.3
2022-11-12,14.2
2022-11-13,13.8
2022-11-14,13.2
2022-11-15,13.9
2022-11-16,14.0
2022-11-17,12.8
2022-11-18,11.2
2022-11-19,9.56
2022-11-20,8.68
2022-11-21,9.48
2022-11-22,11.6
2022-11-23,14.8
2022-11-24,15.0
2022-11-25,15.1
2022-11-26,14.6
2022-11-27,14.3
2022-11-28,12.6
2022-11-29,10.1
2022-11-30,9.02
2022-12-01,9.61
2022-12-02,8.71
2022-12-03,10.3
2022-12-04,11.4
2022-12-05,11.5
2022-12-06,12.2
2022-12-07,12.5
2022-12-08,11.4
2022-12-09,11.8
2022-12-10,11.6
2022-12-11,12.3
2022-12-12,11.8
2022-12-13,10.7
2022-12-14,10.9
2022-12-15,11.6
2022-12-16,11.3
2022-12-17,11.1
2022-12-18,8.77
2022-12-19,9.19
2022-12-20,8.76
2022-12-21,8.39
2022-12-22,8.14
2022-12-23,8.27
2022-12-24,8.92
2022-12-25,9.58
2022-12-26,10.8
2022-12-27,12.5
2022-12-28,14.2
2022-12-29,15.2
2022-12-30,15.0
2022-12-31,14.8
2023-01-01,14.6
2023-01-02,14.4
2023-01-03,14.2
2023-01-04,14.0
2023-01-05,13.8
2023-01-06,13.7
2023-01-07,13.6
2023-01-08,13.5
2023-01-09,13.4
2023-01-10,13.4
2023-01-11,13.3
2023-01-12,13.2
2023-01-13,13.3
2023-01-14,13.3
2023-01-15,13.3
2023-01-16,13.3
2023-01-17,13.4
2023-01-18,13.6
2023-01-19,13.7
2023-01-20,13.2
2023-01-21,12.5
2023-01-22,12.4
2023-01-23,11.5
2023-01-24,9.8
2023-01-25,9.85
2023-01-26,11.6
2023-01-27,12.3
2023-01-28,11.2
2023-01-29,6.52
2023-01-30,4.42
2023-01-31,4.45
2023-02-01,4.52
2023-02-02,4.6
2023-02-03,4.67
2023-02-04,4.74
2023-02-05,4.83
2023-02-06,4.96
2023-02-07,5.1
2023-02-08,5.23
2023-02-09,5.37
2023-02-10,5.51
2023-02-11,5.65
2023-02-12,5.78
2023-02-13,5.92
2023-02-14,6.06
2023-02-15,6.19
2023-02-16,6.33
2023-02-17,6.47
2023-02-18,6.6
2023-02-19,6.7
2023-02-20,6.77
2023-02-21,6.62
2023-02-22,6.06
2023-02-23,5.82
2023-02-24,5.86
2023-02-25,6.13
2023-02-26,6.5
2023-02-27,6.87
2023-02-28,7.23
2023-03-01,7.6
2023-03-02,7.95
2023-03-03,8.16
2023-03-04,8.34
2023-03-05,8.53
2023-03-06,8.72
2023-03-07,8.9
2023-03-08,9.09
2023-03-09,9.25
2023-03-10,9.41
2023-03-11,9.72
2023-03-12,10.5
2023-03-13,12.0
2023-03-14,14.0
2023-03-15,12.7
2023-03-16,12.2
2023-03-17,12.1
2023-03-18,13.0
2023-03-19,13.0
2023-03-20,13.1
2023-03-21,13.1
2023-03-22,13.3
2023-03-23,13.6
2023-03-24,14.0
2023-03-25,13.9
2023-03-26,13.9
2023-03-27,13.9
2023-03-28,13.8
2023-03-29,13.7
2023-03-30,14.1
2023-03-31,14.3
2023-04-01,14.3
2023-04-02,13.8
2023-04-03,13.6
2023-04-04,13.2
2023-04-05,13.4
2023-04-06,13.6
2023-04-07,14.3
2023-04-08,16.0
2023-04-09,16.8
2023-04-10,26.4
2023-04-11,42.7
2023-04-12,38.2
2023-04-13,31.0
2023-04-14,27.3
2023-04-15,25.2
2023-04-16,24.5
2023-04-17,25.4
2023-04-18,24.9
2023-04-19,24.4
2023-04-20,23.9
2023-04-21,22.8
2023-04-22,22.1
2023-04-23,21.8
2023-04-24,23.4
2023-04-25,25.8
2023-04-26,28.1
2023-04-27,31.4
2023-04-28,35.9
2023-04-29,44.1
2023-04-30,59.8
2023-05-01,81.7
2023-05-02,108.0
2023-05-03,133.0
2023-05-04,154.0
2023-05-05,180.0
2023-05-06,184.0
2023-05-07,162.0
2023-05-08,145.0
2023-05-09,136.0
2023-05-10,129.0
2023-05-11,123.0
2023-05-12,122.0
2023-05-13,127.0
2023-05-14,145.0
2023-05-15,164.0
2023-05-16,182.0
2023-05-17,189.0
2023-05-18,190.0
2023-05-19,181.0
2023-05-20,179.0
2023-05-21,175.0
2023-05-22,169.0
2023-05-23,154.0
2023-05-24,135.0
2023-05-25,132.0
2023-05-26,128.0
2023-05-27,117.0
2023-05-28,109.0
2023-05-29,105.0
2023-05-30,103.0
2023-05-31,100.0
2023-06-01,93.7
2023-06-02,86.9
2023-06-03,81.2
2023-06-04,76.7
2023-06-05,74.0
2023-06-06,71.5
2023-06-07,68.3
2023-06-08,64.9
2023-06-09,66.7
2023-06-10,79.2
2023-06-11,70.2
2023-06-12,67.4
2023-06-13,64.8
2023-06-14,61.8
2023-06-15,65.2
2023-06-16,64.9
2023-06-17,61.1
2023-06-18,57.9
2023-06-19,55.3
2023-06-20,52.4
2023-06-21,52.8
2023-06-22,51.2
2023-06-23,50.2
2023-06-24,49.8
2023-06-25,49.2
2023-06-26,47.6
2023-06-27,46.3
2023-06-28,45.1
2023-06-29,44.5
2023-06-30,44.4
2023-07-01,44.1
2023-07-02,43.0
2023-07-03,41.8
2023-07-04,40.3
2023-07-05,39.4
2023-07-06,37.6
2023-07-07,36.5
2023-07-08,35.8
2023-07-09,34.9
2023-07-10,34.9
2023-07-11,35.7
2023-07-12,35.3
2023-07-13,34.7
2023-07-14,33.9
2023-07-15,33.0
2023-07-16,31.8
2023-07-17,30.9
2023-07-18,31.1
2023-07-19,30.4
2023-07-20,29.3
2023-07-21,28.4
2023-07-22,27.8
2023-07-23,27.3
2023-07-24,27.1
2023-07-25,26.6
2023-07-26,26.7
2023-07-27,26.4
2023-07-28,26.0
2023-07-29,25.5
2023-07-30,24.6
2023-07-31,24.0
2023-08-01,23.5
2023-08-02,23.3
2023-08-03,22.8
2023-08-04,22.3
2023-08-05,22.1
2023-08-06,22.1
2023-08-07,22.1
2023-08-08,22.2
2023-08-09,22.1
2023-08-10,22.1
2023-08-11,21.9
2023-08-12,21.7
2023-08-13,21.1
2023-08-14,20.7
2023-08-15,20.1
2023-08-16,20.1
2023-08-17,20.4
2023-08-18,20.8
2023-08-19,21.1
2023-08-20,21.4
2023-08-21,20.8
2023-08-22,21.2
2023-08-23,21.5
2023-08-24,20.9
2023-08-25,20.5
2023-08-26,19.7
2023-08-27,19.0
2023-08-28,18.7
2023-08-29,18.5
2023-08-30,21.9
2023-08-31,29.6
2023-09-01,25.6
2023-09-02,23.5
2023-09-03,22.3
2023-09-04,22.1
2023-09-05,22.9
2023-09-06,22.3
2023-09-07,21.6
2023-09-08,21.3
2023-09-09,20.8
2023-09-10,20.0
2023-09-11,19.5
2023-09-12,19.0
2023-09-13,18.6
2023-09-14,18.5
2023-09-15,18.3
2023-09-16,18.0
2023-09-17,17.7
2023-09-18,17.5
2023-09-19,17.9
2023-09-20,17.6
2023-09-21,17.2
2023-09-22,16.8
2023-09-23,16.5
2023-09-24,16.3
2023-09-25,15.9
2023-09-26,15.7
2023-09-27,15.7
2023-09-28,15.9
2023-09-29,16.0
2023-09-30,16.7
2023-10-01,16.6
2023-10-02,16.1
2023-10-03,15.9
2023-10-04,15.5
2023-10-05,15.4
2023-10-06,15.4
2023-10-07,15.2
2023-10-08,15.0
2023-10-09,14.9
2023-10-10,14.9
2023-10-11,14.8
2023-10-12,14.7
2023-10-13,14.6
2023-10-14,14.4
2023-10-15,14.3
2023-10-16,14.0
2023-10-17,14.7
2023-10-18,14.8
2023-10-19,14.6
2023-10-20,14.2
2023-10-21,14.0
2023-10-22,14.6
2023-10-23,15.2
2023-10-24,16.0
2023-10-25,15.6
2023-10-26,15.0
2023-10-27,14.5
2023-10-28,13.5
2023-10-29,13.8
2023-10-30,13.3
2023-10-31,13.4
2023-11-01,13.2
2023-11-02,13.3
2023-11-03,13.3
2023-11-04,13.7
2023-11-05,14.2
2023-11-06,14.4
2023-11-07,16.0
2023-11-08,15.1
2023-11-09,14.4
2023-11-10,14.0
2023-11-11,14.2
2023-11-12,14.3
2023-11-13,14.0
2023-11-14,13.9
2023-11-15,13.3
2023-11-16,12.9
2023-11-17,12.7
2023-11-18,12.2
2023-11-19,12.1
2023-11-20,12.0
2023-11-21,11.8
2023-11-22,12.1
2023-11-23,11.8
2023-11-24,11.2
2023-11-25,9.39
2023-11-26,8.58
2023-11-27,10.4
2023-11-28,10.6
2023-11-29,10.9
2023-11-30,10.5
2023-12-01,9.59
2023-12-02,9.28
2023-12-03,9.2
2023-12-04,10.1
2023-12-05,14.7
2023-12-06,37.5
2023-12-07,47.0
2023-12-08,31.8
2023-12-09,24.2
2023-12-10,21.1
2023-12-11,19.5
2023-12-12,18.1
2023-12-13,16.6
2023-12-14,16.1
2023-12-15,16.1
2023-12-16,15.8
2023-12-17,15.2
2023-12-18,14.4
2023-12-19,14.4
2023-12-20,14.3
2023-12-21,14.3
2023-12-22,15.1
2023-12-23,16.8
2023-12-24,14.3
2023-12-25,10.8
2023-12-26,10.0
2023-12-27,11.7
2023-12-28,13.0
2023-12-29,12.9
2023-12-30,12.3
2023-12-31,12.5
2024-01-01,12.3
2024-01-02,12.0
2024-01-03,11.8
2024-01-04,11.7
2024-01-05,11.5
2024-01-06,11.5
2024-01-07,11.3
2024-01-08,9.86
2024-01-09,9.91
2024-01-10,10.8
2024-01-11,7.21
2024-01-12,5.04
2024-01-13,5.05
2024-01-14,5.06
2024-01-15,5.07
2024-01-16,5.07
2024-01-17,5.08
2024-01-18,5.09
2024-01-19,5.1
2024-01-20,5.14
2024-01-21,5.39
2024-01-22,5.69
2024-01-23,6.26
2024-01-24,6.93
2024-01-25,7.6
2024-01-26,8.26
2024-01-27,8.93
2024-01-28,9.62
2024-01-29,10.4
2024-01-30,11.1
2024-01-31,11.8
2024-02-01,12.6
2024-02-02,13.3
2024-02-03,13.9
2024-02-04,14.4
2024-02-05,14.6
2024-02-06,14.7
2024-02-07,14.6
2024-02-08,14.4
2024-02-09,14.4
2024-02-10,13.0
2024-02-11,13.5
2024-02-12,13.9
2024-02-13,13.6
2024-02-14,11.9
2024-02-15,9.96
2024-02-16,9.13
2024-02-17,8.98
2024-02-18,9.59
2024-02-19,10.3
2024-02-20,12.0
2024-02-21,12.9
2024-02-22,13.1
2024-02-23,13.0
2024-02-24,12.9
2024-02-25,14.0
2024-02-26,15.1
2024-02-27,11.7
2024-02-28,10.9
2024-02-29,11.4
2024-03-01,11.5
2024-03-02,11.0
2024-03-03,10.5
2024-03-04,10.6
2024-03-05,10.4
2024-03-06,10.2
2024-03-07,10.6
2024-03-08,11.1
2024-03-09,11.6
2024-03-10,12.2
2024-03-11,12.9
2024-03-12,13.5
2024-03-13,13.8
2024-03-14,14.1
2024-03-15,14.3
2024-03-16,14.8
2024-03-17,15.6
2024-03-18,17.0
2024-03-19,18.9
2024-03-20,20.3
2024-03-21,20.3
2024-03-22,19.2
2024-03-23,18.4
2024-03-24,17.8
2024-03-25,16.8
2024-03-26,17.5
2024-03-27,17.3
2024-03-28,17.8
2024-03-29,18.0
2024-03-30,17.7
2024-03-31,17.8
2024-04-01,17.8
2024-04-02,18.7
2024-04-03,24.4
2024-04-04,30.0
2024-04-05,28.2
2024-04-06,26.9
2024-04-07,26.4
2024-04-08,25.9
2024-04-09,25.5
2024-04-10,25.5
2024-04-11,25.5
2024-04-12,26.4
2024-04-13,28.5
2024-04-14,33.1
2024-04-15,38.8
2024-04-16,43.2
2024-04-17,41.9
2024-04-18,38.3
2024-04-19,35.6
2024-04-20,33.6
2024-04-21,32.9
2024-04-22,31.8
2024-04-23,31.2
2024-04-24,32.4
2024-04-25,34.5
2024-04-26,37.4
2024-04-27,38.2
2024-04-28,40.3
2024-04-29,41.4
2024-04-30,40.3
2024-05-01,39.3
2024-05-02,37.9
2024-05-03,36.2
2024-05-04,35.3
2024-05-05,35.5
2024-05-06,36.4
2024-05-07,37.9
2024-05-08,38.3
2024-05-09,38.3
2024-05-10,43.8
2024-05-11,61.9
2024-05-12,93.2
2024-05-13,124.0
2024-05-14,139.0
2024-05-15,137.0
2024-05-16,139.0
2024-05-17,150.0
2024-05-18,134.0
2024-05-19,114.0
2024-05-20,99.0
2024-05-21,88.7
2024-05-22,83.0
2024-05-23,79.0
2024-05-24,78.9
2024-05-25,81.1
2024-05-26,83.8
2024-05-27,83.4
2024-05-28,88.1
2024-05-29,105.0
2024-05-30,110.0
2024-05-31,104.0
2024-06-01,96.7
2024-06-02,93.1
2024-06-03,102.0
2024-06-04,114.0
2024-06-05,114.0
2024-06-06,109.0
2024-06-07,112.0
2024-06-08,119.0
2024-06-09,123.0
2024-06-10,131.0
2024-06-11,148.0
2024-06-12,158.0
2024-06-13,153.0
2024-06-14,140.0
2024-06-15,134.0
2024-06-16,123.0
2024-06-17,111.0
2024-06-18,103.0
2024-06-19,94.0
2024-06-20,86.4
2024-06-21,82.0
2024-06-22,84.0
2024-06-23,92.6
2024-06-24,105.0
2024-06-25,110.0
2024-06-26,106.0
2024-06-27,105.0
2024-06-28,111.0
2024-06-29,116.0
2024-06-30,112.0
2024-07-01,110.0
2024-07-02,111.0
2024-07-03,109.0
2024-07-04,103.0
2024-07-05,95.4
2024-07-06,90.9
2024-07-07,86.7
2024-07-08,83.3
2024-07-09,81.3
2024-07-10,80.0
2024-07-11,78.4
2024-07-12,75.6
2024-07-13,71.5
2024-07-14,66.7
2024-07-15,62.8
2024-07-16,59.9
2024-07-17,57.4
2024-07-18,55.7
2024-07-19,54.1
2024-07-20,51.1
2024-07-21,48.7
2024-07-22,47.0
2024-07-23,45.6
2024-07-24,44.1
2024-07-25,43.0
2024-07-26,41.9
2024-07-27,40.2
2024-07-28,38.0
2024-07-29,36.1
2024-07-30,34.3
2024-07-31,33.2
2024-08-01,32.2
2024-08-02,31.5
2024-08-03,31.3
2024-08-04,31.8
2024-08-05,35.4
2024-08-06,35.4
2024-08-07,39.8
2024-08-08,40.4
2024-08-09,38.0
2024-08-10,35.4
2024-08-11,34.4
2024-08-12,33.3
2024-08-13,32.4
2024-08-14,31.4
2024-08-15,30.6
2024-08-16,31.3
2024-08-17,32.3
2024-08-18,31.8
2024-08-19,30.6
2024-08-20,29.5
2024-08-21,28.9
2024-08-22,28.5
2024-08-23,27.9
2024-08-24,28.8
2024-08-25,28.5
2024-08-26,27.8
2024-08-27,26.7
2024-08-28,27.4
2024-08-29,29.0
2024-08-30,28.7
2024-08-31,28.7
2024-09-01,28.9
2024-09-02,28.7
2024-09-03,28.2
2024-09-04,27.2
2024-09-05,26.3
2024-09-06,25.6
2024-09-07,24.9
2024-09-08,24.3
2024-09-09,23.7
2024-09-10,23.1
2024-09-11,22.9
2024-09-12,23.8
2024-09-13,24.6
2024-09-14,24.1
2024-09-15,23.6
2024-09-16,23.0
2024-09-17,22.4
2024-09-18,22.0
2024-09-19,21.4
2024-09-20,21.5
2024-09-21,21.3
2024-09-22,20.9
2024-09-23,20.3
2024-09-24,19.8
2024-09-25,19.5
2024-09-26,20.0
2024-09-27,19.8
2024-09-28,20.0
2024-09-29,19.9
2024-09-30,19.5
2024-10-01,19.1
2024-10-02,18.9
2024-10-03,18.7
2024-10-04,18.7
2024-10-05,18.6
2024-10-06,18.2
2024-10-07,18.0
2024-10-08,17.8
2024-10-09,17.6
2024-10-10,17.3
2024-10-11,17.2
2024-10-12,17.2
2024-10-13,17.0
2024-10-14,16.8
2024-10-15,16.5
2024-10-16,16.6
2024-10-17,16.6
2024-10-18,16.5
2024-10-19,16.5
2024-10-20,16.4
2024-10-21,18.5
2024-10-22,19.4
2024-10-23,18.4
2024-10-24,17.9
2024-10-25,17.6
2024-10-26,17.5
2024-10-27,17.8
2024-10-28,18.2
2024-10-29,17.9
2024-10-30,17.7
2024-10-31,17.5
2024-11-01,17.3
2024-11-02,17.5
2024-11-03,17.1
2024-11-04,17.1
2024-11-05,16.9
2024-11-06,16.7
2024-11-07,16.6
2024-11-08,16.3
2024-11-09,16.2
2024-11-10,16.1
2024-11-11,16.2
2024-11-12,16.6
2024-11-13,16.4
2024-11-14,16.6
2024-11-15,16.3
2024-11-16,15.9
2024-11-17,16.0
2024-11-18,16.4
2024-11-19,15.6
2024-11-20,15.0
2024-11-21,14.3
2024-11-22,13.8
2024-11-23,13.4
2024-11-24,13.0
2024-11-25,12.9
2024-11-26,13.1
2024-11-27,13.1
2024-11-28,13.0
2024-11-29,12.9
2024-11-30,12.9
2024-12-01,12.8
2024-12-02,12.7
2024-12-03,12.6
2024-12-04,12.4
2024-12-05,12.3
2024-12-06,12.3
2024-12-07,12.4
2024-12-08,12.5
2024-12-09,12.4
2024-12-10,12.3
2024-12-11,12.3
2024-12-12,12.3
2024-12-13,12.2
2024-12-14,12.3
2024-12-15,12.3
2024-12-16,12.2
2024-12-17,12.2
2024-12-18,12.2
2024-12-19,12.2
2024-12-20,12.2
2024-12-21,12.2
2024-12-22,12.2
2024-12-23,12.1
2024-12-24,12.1
2024-12-25,12.0
2024-12-26,12.0
2024-12-27,11.9
2024-12-28,11.9
2024-12-29,11.8
2024-12-30,11.8
2024-12-31,11.6
2025-01-01,11.0
2025-01-02,10.4
2025-01-03,9.86
2025-01-04,10.0
2025-01-05,10.3
2025-01-06,10.3
2025-01-07,10.2
2025-01-08,10.4
2025-01-09,10.7
2025-01-10,11.0
2025-01-11,11.2
2025-01-12,11.1
2025-01-13,11.1
2025-01-14,11.4
2025-01-15,11.7
2025-01-16,11.6
2025-01-17,11.4
2025-01-18,9.27
2025-01-19,6.78
2025-01-20,6.11
2025-01-21,6.23
2025-01-22,6.94
2025-01-23,7.87
2025-01-24,8.41
2025-01-25,8.24
2025-01-26,7.8
2025-01-27,7.68
2025-01-28,7.42
2025-01-29,7.45
2025-01-30,7.62
2025-01-31,8.03
2025-02-01,8.4
2025-02-02,8.5
2025-02-03,8.38
2025-02-04,8.43
2025-02-05,8.59
2025-02-06,8.79
2025-02-07,9.0
2025-02-08,9.18
2025-02-09,9.19
2025-02-10,9.17
2025-02-11,9.17
2025-02-12,9.26
2025-02-13,9.36
2025-02-14,9.46
2025-02-15,9.55
2025-02-16,9.66
2025-02-17,9.84
2025-02-18,10.0
2025-02-19,10.2
2025-02-20,10.4
2025-02-21,10.6
2025-02-22,10.8
2025-02-23,11.0
2025-02-24,11.1
2025-02-25,11.0
2025-02-26,11.0
2025-02-27,11.0
2025-02-28,11.0
2025-03-01,11.0
2025-03-02,11.0
2025-03-03,11.0
2025-03-04,11.0
2025-03-05,11.1
2025-03-06,11.1
2025-03-07,11.2
2025-03-08,11.6
2025-03-09,11.8
2025-03-10,12.6
2025-03-11,12.3
2025-03-12,12.1
2025-03-13,13.0
2025-03-14,12.8
2025-03-15,12.2
2025-03-16,12.2
2025-03-17,11.7
2025-03-18,11.1
2025-03-19,10.9
2025-03-20,11.1
2025-03-21,11.2
2025-03-22,11.1
2025-03-23,11.0
2025-03-24,12.3
2025-03-25,13.3
2025-03-26,14.8
2025-03-27,18.4
2025-03-28,21.6
2025-03-29,21.5
2025-03-30,20.6
2025-03-31,19.4
2025-04-01,18.5
2025-04-02,18.4
2025-04-03,18.5
2025-04-04,17.0
2025-04-05,16.8
2025-04-06,17.1
2025-04-07,18.6
2025-04-08,21.7
2025-04-09,22.8
2025-04-10,22.1
2025-04-11,23.6
2025-04-12,27.6
2025-04-13,26.9
2025-04-14,25.6
2025-04-15,25.7
2025-04-16,28.7
2025-04-17,28.4
2025-04-18,27.0
2025-04-19,26.9
2025-04-20,27.9
2025-04-21,28.7
2025-04-22,27.9
2025-04-23,27.0
2025-04-24,26.8
2025-04-25,27.8
2025-04-26,30.9
2025-04-27,35.9
2025-04-28,39.2
2025-04-29,43.0
2025-04-30,47.2
2025-05-01,47.4
2025-05-02,51.8
2025-05-03,63.7
2025-05-04,80.8
2025-05-05,80.8
2025-05-06,72.9
2025-05-07,71.6
2025-05-08,80.5
2025-05-09,88.0
2025-05-10,88.2
2025-05-11,92.3
2025-05-12,101.0
2025-05-13,101.0
2025-05-14,91.0
2025-05-15,91.3
2025-05-16,89.3
2025-05-17,83.8
2025-05-18,82.3
2025-05-19,79.8
2025-05-20,75.2
2025-05-21,71.1
2025-05-22,67.1
2025-05-23,64.3
2025-05-24,63.7
2025-05-25,68.7
2025-05-26,83.3
2025-05-27,104.0
2025-05-28,115.0
2025-05-29,124.0
2025-05-30,137.0
2025-05-31,137.0
2025-06-01,136.0
2025-06-02,127.0
2025-06-03,110.0
2025-06-04,92.9
2025-06-05,81.4
2025-06-06,76.2
2025-06-07,76.3
2025-06-08,76.1
2025-06-09,75.3
2025-06-10,76.8
2025-06-11,76.4
2025-06-12,74.8
2025-06-13,71.0
2025-06-14,67.9
2025-06-15,63.2
2025-06-16,58.9
2025-06-17,55.3
2025-06-18,52.7
2025-06-19,50.4
2025-06-20,49.3
2025-06-21,60.2
2025-06-22,65.8
2025-06-23,63.1
2025-06-24,60.1
2025-06-25,62.9
2025-06-26,67.3
2025-06-27,69.2
2025-06-28,67.0
2025-06-29,63.6
2025-06-30,59.7
2025-07-01,56.3
2025-07-02,54.0
2025-07-03,52.1
2025-07-04,50.4
2025-07-05,52.1
2025-07-06,52.0
2025-07-07,49.7
2025-07-08,47.1
2025-07-09,44.5
2025-07-10,44.1
2025-07-11,43.9
2025-07-12,41.8
2025-07-13,39.7
2025-07-14,40.6
2025-07-15,59.1
2025-07-16,64.9
2025-07-17,59.0
2025-07-18,55.7
2025-07-19,53.7
2025-07-20,53.3
2025-07-21,53.8
2025-07-22,61.0
2025-07-23,66.6
2025-07-24,62.4
2025-07-25,58.2
2025-07-26,54.8
2025-07-27,51.6
2025-07-28,48.7
2025-07-29,45.9
2025-07-30,44.4
2025-07-31,43.0
2025-08-01,41.2
2025-08-02,41.8
2025-08-03,42.0
2025-08-04,40.6
2025-08-05,38.8
2025-08-06,37.3
2025-08-07,36.1
2025-08-08,35.1
2025-08-09,34.3
2025-08-10,33.0
2025-08-11,31.8
2025-08-12,31.3
2025-08-13,30.6
2025-08-14,30.8
2025-08-15,30.1
2025-08-16,30.1
2025-08-17,29.5
2025-08-18,28.7
2025-08-19,28.1
2025-08-20,27.1
2025-08-21,26.6
2025-08-22,25.8
2025-08-23,24.9
2025-08-24,24.3
2025-08-25,23.6
2025-08-26,23.1
2025-08-27,22.7
2025-08-28,22.4
2025-08-29,22.4
2025-08-30,22.0
2025-08-31,21.7
2025-09-01,21.4
2025-09-02,21.2
2025-09-03,20.9
2025-09-04,20.6
2025-09-05,20.8
2025-09-06,20.5
2025-09-07,20.0
2025-09-08,19.8
2025-09-09,20.1
2025-09-10,19.9
2025-09-11,19.7
2025-09-12,19.4
2025-09-13,19.5
2025-09-14,19.1
2025-09-15,19.4
2025-09-16,20.8
2025-09-17,20.4
2025-09-18,19.8
2025-09-19,19.3
2025-09-20,18.8
2025-09-21,18.4
2025-09-22,18.0
2025-09-23,17.6
2025-09-24,17.2
2025-09-25,16.7
2025-09-26,16.3
2025-09-27,16.1
2025-09-28,16.2
2025-09-29,16.0
2025-09-30,15.9
2025-10-01,15.9
2025-10-02,15.9
2025-10-03,15.7
2025-10-04,15.7
2025-10-05,15.8
2025-10-06,15.4
2025-10-07,15.3
2025-10-08,15.1
2025-10-09,14.8
2025-10-10,14.7
2025-10-11,14.9
2025-10-12,15.2
2025-10-13,15.1
2025-10-14,15.0
2025-10-15,14.9
2025-10-16,14.8
2025-10-17,14.9
2025-10-18,14.8
2025-10-19,15.4
2025-10-20,15.1
2025-10-21,14.8
2025-10-22,14.6
2025-10-23,14.6
2025-10-24,14.4
2025-10-25,14.6
2025-10-26,15.2
2025-10-27,15.1
2025-10-28,14.7
2025-10-29,15.0
2025-10-30,14.7
2025-10-31,14.4
2025-11-01,16.3
2025-11-02,20.6
2025-11-03,18.1
2025-11-04,16.7
2025-11-05,16.1
2025-11-06,16.2
2025-11-07,17.1
2025-11-08,16.6
2025-11-09,15.9
2025-11-10,15.6
2025-11-11,15.3
2025-11-12,15.2
2025-11-13,16.0
2025-11-14,31.1
2025-11-15,33.5
2025-11-16,28.2
2025-11-17,25.3
2025-11-18,25.7
2025-11-19,26.3
2025-11-20,24.0
2025-11-21,22.2
2025-11-22,20.9
2025-11-23,20.6
2025-11-24,20.6
2025-11-25,19.5
2025-11-26,18.5
2025-11-27,17.8
2025-11-28,17.5
2025-11-29,15.7
2025-11-30,13.0
2025-12-01,12.6
2025-12-02,15.5
2025-12-03,15.8
2025-12-04,15.6
2025-12-05,15.5
2025-12-06,15.5
2025-12-07,15.4
2025-12-08,15.9
2025-12-09,19.3
2025-12-10,19.8
2025-12-11,34.5
2025-12-12,32.2
2025-12-13,26.7
2025-12-14,23.8
2025-12-15,25.4
2025-12-16,39.3
2025-12-17,47.8
2025-12-18,38.1
2025-12-19,32.8
2025-12-20,28.7
2025-12-21,26.5
2025-12-22,24.7
2025-12-23,23.3
2025-12-24,22.6
2025-12-25,22.4
2025-12-26,22.2
2025-12-27,20.1
2025-12-28,16.3
2025-12-29,15.5
2025-12-30,16.1
2025-12-31,16.1
