date,streamflow
2022-01-01,27.8
2022-01-02,27.5
2022-01-03,27.2
2022-01-04,26.9
2022-01-05,26.6
2022-01-06,26.3
2022-01-07,26.1
2022-01-08,25.8
2022-01-09,25.6
2022-01-10,25.3
2022-01-11,25.0
2022-01-12,24.8
2022-01-13,24.5
2022-01-14,24.3
2022-01-15,24.1
2022-01-16,23.8
2022-01-17,23.6
2022-01-18,23.4
2022-01-19,23.1
2022-01-20,23.0
2022-01-21,22.8
2022-01-22,22.6
2022-01-23,22.4
2022-01-24,22.1
2022-01-25,21.9
2022-01-26,21.8
2022-01-27,21.5
2022-01-28,21.3
2022-01-29,21.2
2022-01-30,21.1
2022-01-31,21.0
2022-02-01,21.1
2022-02-02,20.9
2022-02-03,20.8
2022-02-04,20.5
2022-02-05,20.3
2022-02-06,20.1
2022-02-07,20.0
2022-02-08,19.7
2022-02-09,19.6
2022-02-10,19.6
2022-02-11,19.4
2022-02-12,19.3
2022-02-13,19.1
2022-02-14,18.9
2022-02-15,18.7
2022-02-16,18.5
2022-02-17,18.4
2022-02-18,18.2
2022-02-19,18.1
2022-02-20,17.9
2022-02-21,17.7
2022-02-22,17.5
2022-02-23,17.4
2022-02-24,17.2
2022-02-25,17.0
2022-02-26,16.7
2022-02-27,16.5
2022-02-28,16.3
2022-03-01,16.2
2022-03-02,16.0
2022-03-03,15.8
2022-03-04,15.6
2022-03-05,15.4
2022-03-06,15.3
2022-03-07,15.2
2022-03-08,15.0
2022-03-09,14.9
2022-03-10,14.8
2022-03-11,14.6
2022-03-12,14.5
2022-03-13,14.3
2022-03-14,14.2
2022-03-15,14.1
2022-03-16,14.0
2022-03-17,13.9
2022-03-18,13.8
2022-03-19,13.7
2022-03-20,13.6
2022-03-21,13.5
2022-03-22,13.7
2022-03-23,13.7
2022-03-24,13.6
2022-03-25,13.5
2022-03-26,13.4
2022-03-27,13.4
2022-03-28,13.3
2022-03-29,13.2
2022-03-30,13.3
2022-03-31,13.2
2022-04-01,13.1
2022-04-02,12.9
2022-04-03,12.9
2022-04-04,12.8
2022-04-05,12.6
2022-04-06,12.5
2022-04-07,12.4
2022-04-08,12.3
2022-04-09,12.3
2022-04-10,12.2
2022-04-11,12.2
2022-04-12,12.2
2022-04-13,12.2
2022-04-14,12.8
2022-04-15,13.1
2022-04-16,13.1
2022-04-17,13.1
2022-04-18,13.0
2022-04-19,13.0
2022-04-20,13.1
2022-04-21,13.2
2022-04-22,13.2
2022-04-23,13.2
2022-04-24,14.1
2022-04-25,14.4
2022-04-26,14.6
2022-04-27,14.7
2022-04-28,14.9
2022-04-29,15.2
2022-04-30,15.9
2022-05-01,18.2
2022-05-02,20.7
2022-05-03,23.7
2022-05-04,27.6
2022-05-05,34.5
2022-05-06,47.2
2022-05-07,71.2
2022-05-08,104.0
2022-05-09,140.0
2022-05-10,174.0
2022-05-11,206.0
2022-05-12,239.0
2022-05-13,279.0
2022-05-14,306.0
2022-05-15,330.0
2022-05-16,357.0
2022-05-17,373.0
2022-05-18,385.0
2022-05-19,390.0
2022-05-20,391.0
2022-05-21,388.0
2022-05-22,384.0
2022-05-23,378.0
2022-05-24,372.0
2022-05-25,363.0
2022-05-26,353.0
2022-05-27,343.0
2022-05-28,334.0
2022-05-29,325.0
2022-05-30,315.0
2022-05-31,314.0
2022-06-01,316.0
2022-06-02,322.0
2022-06-03,324.0
2022-06-04,325.0
2022-06-05,322.0
2022-06-06,315.0
2022-06-07,308.0
2022-06-08,299.0
2022-06-09,290.0
2022-06-10,281.0
2022-06-11,270.0
2022-06-12,257.0
2022-06-13,247.0
2022-06-14,237.0
2022-06-15,227.0
2022-06-16,218.0
2022-06-17,212.0
2022-06-18,204.0
2022-06-19,192.0
2022-06-20,184.0
2022-06-21,178.0
2022-06-22,170.0
2022-06-23,168.0
2022-06-24,166.0
2022-06-25,160.0
2022-06-26,160.0
2022-06-27,158.0
2022-06-28,161.0
2022-06-29,163.0
2022-06-30,161.0
2022-07-01,159.0
2022-07-02,161.0
2022-07-03,160.0
2022-07-04,159.0
2022-07-05,156.0
2022-07-06,153.0
2022-07-07,149.0
2022-07-08,146.0
2022-07-09,144.0
2022-07-10,140.0
2022-07-11,138.0
2022-07-12,137.0
2022-07-13,134.0
2022-07-14,131.0
2022-07-15,128.0
2022-07-16,125.0
2022-07-17,121.0
2022-07-18,119.0
2022-07-19,116.0
2022-07-20,109.0
2022-07-21,105.0
2022-07-22,103.0
2022-07-23,102.0
2022-07-24,97.0
2022-07-25,95.8
2022-07-26,91.8
2022-07-27,90.1
2022-07-28,88.0
2022-07-29,84.5
2022-07-30,84.5
2022-07-31,82.2
2022-08-01,79.0
2022-08-02,79.2
2022-08-03,78.8
2022-08-04,80.0
2022-08-05,74.8
2022-08-06,74.7
2022-08-07,74.5
2022-08-08,72.5
2022-08-09,68.0
2022-08-10,70.2
2022-08-11,68.9
2022-08-12,67.2
2022-08-13,67.0
2022-08-14,66.1
2022-08-15,64.4
2022-08-16,62.2
2022-08-17,60.4
2022-08-18,60.1
2022-08-19,59.0
2022-08-20,56.7
2022-08-21,54.5
2022-08-22,53.9
2022-08-23,50.8
2022-08-24,50.0
2022-08-25,47.6
2022-08-26,46.5
2022-08-27,45.5
2022-08-28,43.8
2022-08-29,41.8
2022-08-30,41.8
2022-08-31,42.0
2022-09-01,40.2
2022-09-02,36.2
2022-09-03,37.8
2022-09-04,36.4
2022-09-05,35.5
2022-09-06,31.6
2022-09-07,32.4
2022-09-08,30.0
2022-09-09,29.1
2022-09-10,28.8
2022-09-11,28.0
2022-09-12,27.4
2022-09-13,26.4
2022-09-14,25.8
2022-09-15,25.0
2022-09-16,25.0
2022-09-17,23.8
2022-09-18,22.7
2022-09-19,22.3
2022-09-20,22.2
2022-09-21,21.6
2022-09-22,21.2
2022-09-23,21.0
2022-09-24,20.3
2022-09-25,18.9
2022-09-26,19.5
2022-09-27,19.1
2022-09-28,18.7
2022-09-29,18.2
2022-09-30,18.5
2022-10-01,17.5
2022-10-02,16.7
2022-10-03,16.4
2022-10-04,16.0
2022-10-05,15.5
2022-10-06,15.2
2022-10-07,14.3
2022-10-08,14.6
2022-10-09,14.3
2022-10-10,13.9
2022-10-11,13.4
2022-10-12,12.2
2022-10-13,12.1
2022-10-14,13.5
2022-10-15,12.9
2022-10-16,13.4
2022-10-17,13.6
2022-10-18,13.6
2022-10-19,13.2
2022-10-20,12.9
2022-10-21,12.4
2022-10-22,13.0
2022-10-23,14.2
2022-10-24,13.9
2022-10-25,13.7
2022-10-26,14.9
2022-10-27,15.5
2022-10-28,15.7
2022-10-29,16.4
2022-10-30,17.0
2022-10-31,17.2
2022-11-01,18.9
2022-11-02,19.2
2022-11-03,18.3
2022-11-04,19.5
2022-11-05,20.6
2022-11-06,20.9
2022-11-07,20.7
2022-11-08,21.4
2022-11-09,21.9
2022-11-10,22.2
2022-11-11,22.5
2022-11-12,22.7
2022-11-13,22.8
2022-11-14,23.0
2022-11-15,23.0
2022-11-16,23.2
2022-11-17,23.2
2022-11-18,23.3
2022-11-19,23.4
2022-11-20,23.4
2022-11-21,23.4
2022-11-22,23.3
2022-11-23,23.2
2022-11-24,23.1
2022-11-25,23.1
2022-11-26,22.9
2022-11-27,22.9
2022-11-28,23.0
2022-11-29,23.2
2022-11-30,23.2
2022-12-01,23.2
2022-12-02,23.2
2022-12-03,23.2
2022-12-04,23.1
2022-12-05,23.0
2022-12-06,22.8
2022-12-07,22.7
2022-12-08,22.4
2022-12-09,22.3
2022-12-10,22.0
2022-12-11,21.8
2022-12-12,21.7
2022-12-13,21.5
2022-12-14,21.3
2022-12-15,21.2
2022-12-16,21.2
2022-12-17,21.3
2022-12-18,21.2
2022-12-19,21.0
2022-12-20,20.8
2022-12-21,20.7
2022-12-22,20.5
2022-12-23,20.3
2022-12-24,20.1
2022-12-25,20.0
2022-12-26,19.8
2022-12-27,19.6
2022-12-28,19.5
2022-12-29,19.5
2022-12-30,19.4
2022-12-31,19.3
2023-01-01,19.1
2023-01-02,18.9
2023-01-03,18.8
2023-01-04,18.6
2023-01-05,18.4
2023-01-06,18.3
2023-01-07,18.2
2023-01-08,18.0
2023-01-09,17.8
2023-01-10,17.7
2023-01-11,17.6
2023-01-12,17.5
2023-01-13,17.4
2023-01-14,17.2
2023-01-15,17.2
2023-01-16,17.1
2023-01-17,17.0
2023-01-18,16.8
2023-01-19,16.7
2023-01-20,16.5
2023-01-21,16.4
2023-01-22,16.3
2023-01-23,16.2
2023-01-24,16.1
2023-01-25,16.0
2023-01-26,15.9
2023-01-27,15.8
2023-01-28,15.8
2023-01-29,15.6
2023-01-30,15.5
2023-01-31,15.3
2023-02-01,15.2
2023-02-02,15.0
2023-02-03,15.0
2023-02-04,14.9
2023-02-05,14.8
2023-02-06,14.6
2023-02-07,14.5
2023-02-08,14.4
2023-02-09,14.2
2023-02-10,14.2
2023-02-11,14.0
2023-02-12,13.9
2023-02-13,13.7
2023-02-14,13.6
2023-02-15,13.5
2023-02-16,13.4
2023-02-17,13.3
2023-02-18,13.2
2023-02-19,13.1
2023-02-20,13.0
2023-02-21,12.9
2023-02-22,12.8
2023-02-23,12.7
2023-02-24,12.6
2023-02-25,12.5
2023-02-26,12.4
2023-02-27,12.2
2023-02-28,12.1
2023-03-01,12.0
2023-03-02,11.9
2023-03-03,11.8
2023-03-04,11.7
2023-03-05,11.7
2023-03-06,11.6
2023-03-07,11.5
2023-03-08,11.4
2023-03-09,11.3
2023-03-10,11.2
2023-03-11,11.1
2023-03-12,10.9
2023-03-13,10.9
2023-03-14,10.8
2023-03-15,10.6
2023-03-16,10.5
2023-03-17,10.5
2023-03-18,10.4
2023-03-19,10.3
2023-03-20,10.2
2023-03-21,10.1
2023-03-22,9.99
2023-03-23,9.93
2023-03-24,9.8
2023-03-25,9.7
2023-03-26,9.63
2023-03-27,9.55
2023-03-28,9.48
2023-03-29,9.39
2023-03-30,9.27
2023-03-31,9.2
2023-04-01,9.12
2023-04-02,9.02
2023-04-03,8.92
2023-04-04,8.83
2023-04-05,8.73
2023-04-06,8.7
2023-04-07,8.65
2023-04-08,8.58
2023-04-09,8.48
2023-04-10,8.47
2023-04-11,8.53
2023-04-12,8.65
2023-04-13,8.9
2023-04-14,9.28
2023-04-15,9.72
2023-04-16,10.2
2023-04-17,10.6
2023-04-18,11.1
2023-04-19,11.6
2023-04-20,12.1
2023-04-21,12.6
2023-04-22,13.2
2023-04-23,13.9
2023-04-24,14.6
2023-04-25,15.4
2023-04-26,16.4
2023-04-27,17.5
2023-04-28,18.8
2023-04-29,20.2
2023-04-30,21.7
2023-05-01,23.5
2023-05-02,25.4
2023-05-03,27.2
2023-05-04,30.0
2023-05-05,32.4
2023-05-06,34.5
2023-05-07,36.3
2023-05-08,38.1
2023-05-09,39.6
2023-05-10,41.4
2023-05-11,43.0
2023-05-12,45.2
2023-05-13,46.3
2023-05-14,46.4
2023-05-15,47.2
2023-05-16,49.7
2023-05-17,48.3
2023-05-18,49.3
2023-05-19,48.6
2023-05-20,50.8
2023-05-21,50.6
2023-05-22,49.3
2023-05-23,51.3
2023-05-24,49.4
2023-05-25,47.0
2023-05-26,45.3
2023-05-27,46.0
2023-05-28,45.3
2023-05-29,43.4
2023-05-30,42.8
2023-05-31,42.9
2023-06-01,42.5
2023-06-02,40.6
2023-06-03,39.9
2023-06-04,40.6
2023-06-05,39.4
2023-06-06,38.7
2023-06-07,38.2
2023-06-08,37.7
2023-06-09,38.5
2023-06-10,37.5
2023-06-11,36.6
2023-06-12,36.2
2023-06-13,36.4
2023-06-14,35.7
2023-06-15,34.1
2023-06-16,32.0
2023-06-17,31.7
2023-06-18,30.9
2023-06-19,30.2
2023-06-20,30.2
2023-06-21,29.6
2023-06-22,28.2
2023-06-23,27.9
2023-06-24,27.6
2023-06-25,26.5
2023-06-26,26.2
2023-06-27,25.3
2023-06-28,25.2
2023-06-29,24.4
2023-06-30,23.8
2023-07-01,23.2
2023-07-02,22.7
2023-07-03,20.7
2023-07-04,20.2
2023-07-05,20.0
2023-07-06,19.7
2023-07-07,19.3
2023-07-08,18.5
2023-07-09,18.4
2023-07-10,17.5
2023-07-11,17.9
2023-07-12,17.6
2023-07-13,17.2
2023-07-14,16.6
2023-07-15,17.4
2023-07-16,18.1
2023-07-17,18.2
2023-07-18,18.2
2023-07-19,17.7
2023-07-20,17.1
2023-07-21,16.9
2023-07-22,16.7
2023-07-23,16.6
2023-07-24,16.3
2023-07-25,16.7
2023-07-26,17.3
2023-07-27,15.8
2023-07-28,15.3
2023-07-29,14.6
2023-07-30,14.8
2023-07-31,15.0
2023-08-01,14.7
2023-08-02,13.9
2023-08-03,14.5
2023-08-04,14.7
2023-08-05,13.8
2023-08-06,13.7
2023-08-07,13.9
2023-08-08,13.9
2023-08-09,13.8
2023-08-10,14.0
2023-08-11,14.0
2023-08-12,13.2
2023-08-13,13.0
2023-08-14,12.5
2023-08-15,12.1
2023-08-16,13.3
2023-08-17,13.1
2023-08-18,13.5
2023-08-19,12.8
2023-08-20,12.4
2023-08-21,12.7
2023-08-22,12.9
2023-08-23,12.8
2023-08-24,12.9
2023-08-25,12.7
2023-08-26,12.2
2023-08-27,12.2
2023-08-28,12.1
2023-08-29,12.0
2023-08-30,11.8
2023-08-31,12.1
2023-09-01,11.2
2023-09-02,10.7
2023-09-03,11.1
2023-09-04,11.4
2023-09-05,11.0
2023-09-06,11.3
2023-09-07,11.0
2023-09-08,10.4
2023-09-09,10.5
2023-09-10,10.6
2023-09-11,10.5
2023-09-12,10.1
2023-09-13,9.95
2023-09-14,9.73
2023-09-15,9.56
2023-09-16,9.65
2023-09-17,9.69
2023-09-18,9.91
2023-09-19,9.33
2023-09-20,8.81
2023-09-21,8.97
2023-09-22,8.92
2023-09-23,9.24
2023-09-24,8.98
2023-09-25,8.58
2023-09-26,8.51
2023-09-27,8.43
2023-09-28,8.37
2023-09-29,8.39
2023-09-30,8.26
2023-10-01,8.69
2023-10-02,8.21
2023-10-03,8.13
2023-10-04,8.0
2023-10-05,8.21
2023-10-06,7.85
2023-10-07,8.1
2023-10-08,8.11
2023-10-09,7.9
2023-10-10,7.85
2023-10-11,7.88
2023-10-12,7.74
2023-10-13,7.53
2023-10-14,7.46
2023-10-15,7.4
2023-10-16,7.37
2023-10-17,7.31
2023-10-18,7.25
2023-10-19,7.27
2023-10-20,7.15
2023-10-21,6.95
2023-10-22,6.98
2023-10-23,6.94
2023-10-24,6.93
2023-10-25,6.9
2023-10-26,7.0
2023-10-27,6.69
2023-10-28,6.58
2023-10-29,6.61
2023-10-30,6.71
2023-10-31,6.75
2023-11-01,6.69
2023-11-02,6.72
2023-11-03,6.75
2023-11-04,6.73
2023-11-05,6.74
2023-11-06,6.72
2023-11-07,6.71
2023-11-08,6.77
2023-11-09,6.85
2023-11-10,6.87
2023-11-11,6.88
2023-11-12,6.86
2023-11-13,6.89
2023-11-14,6.9
2023-11-15,6.86
2023-11-16,6.83
2023-11-17,6.84
2023-11-18,6.82
2023-11-19,6.82
2023-11-20,6.78
2023-11-21,6.82
2023-11-22,6.79
2023-11-23,6.77
2023-11-24,6.73
2023-11-25,6.67
2023-11-26,6.64
2023-11-27,6.68
2023-11-28,6.72
2023-11-29,6.64
2023-11-30,6.64
2023-12-01,6.66
2023-12-02,6.68
2023-12-03,6.67
2023-12-04,6.65
2023-12-05,6.67
2023-12-06,6.65
2023-12-07,6.67
2023-12-08,6.85
2023-12-09,6.92
2023-12-10,6.93
2023-12-11,6.95
2023-12-12,6.96
2023-12-13,6.96
2023-12-14,6.88
2023-12-15,6.8
2023-12-16,6.82
2023-12-17,6.83
2023-12-18,6.85
2023-12-19,6.86
2023-12-20,6.87
2023-12-21,6.88
2023-12-22,6.89
2023-12-23,6.89
2023-12-24,6.9
2023-12-25,6.9
2023-12-26,6.91
2023-12-27,6.91
2023-12-28,6.92
2023-12-29,6.92
2023-12-30,6.93
2023-12-31,6.93
2024-01-01,6.94
2024-01-02,6.94
2024-01-03,6.95
2024-01-04,6.96
2024-01-05,6.97
2024-01-06,6.98
2024-01-07,6.98
2024-01-08,6.99
2024-01-09,7.0
2024-01-10,7.0
2024-01-11,7.01
2024-01-12,7.01
2024-01-13,7.02
2024-01-14,7.03
2024-01-15,7.04
2024-01-16,7.05
2024-01-17,7.06
2024-01-18,7.06
2024-01-19,7.07
2024-01-20,7.07
2024-01-21,7.08
2024-01-22,7.09
2024-01-23,7.1
2024-01-24,7.1
2024-01-25,7.11
2024-01-26,7.12
2024-01-27,7.12
2024-01-28,7.13
2024-01-29,7.14
2024-01-30,7.14
2024-01-31,7.15
2024-02-01,7.15
2024-02-02,7.16
2024-02-03,7.17
2024-02-04,7.18
2024-02-05,7.19
2024-02-06,7.19
2024-02-07,7.2
2024-02-08,7.21
2024-02-09,7.22
2024-02-10,7.22
2024-02-11,7.23
2024-02-12,7.23
2024-02-13,7.24
2024-02-14,7.24
2024-02-15,7.25
2024-02-16,7.26
2024-02-17,7.26
2024-02-18,7.26
2024-02-19,7.28
2024-02-20,7.33
2024-02-21,7.32
2024-02-22,7.3
2024-02-23,7.3
2024-02-24,7.26
2024-02-25,7.23
2024-02-26,7.28
2024-02-27,7.26
2024-02-28,7.25
2024-02-29,7.25
2024-03-01,7.19
2024-03-02,7.17
2024-03-03,7.16
2024-03-04,7.39
2024-03-05,7.44
2024-03-06,7.42
2024-03-07,7.56
2024-03-08,7.59
2024-03-09,7.57
2024-03-10,7.58
2024-03-11,7.52
2024-03-12,7.48
2024-03-13,7.49
2024-03-14,7.45
2024-03-15,7.58
2024-03-16,7.61
2024-03-17,7.58
2024-03-18,7.58
2024-03-19,7.5
2024-03-20,7.49
2024-03-21,7.46
2024-03-22,7.42
2024-03-23,7.4
2024-03-24,7.37
2024-03-25,7.32
2024-03-26,7.27
2024-03-27,7.23
2024-03-28,7.18
2024-03-29,7.16
2024-03-30,7.15
2024-03-31,7.14
2024-04-01,7.15
2024-04-02,7.12
2024-04-03,7.11
2024-04-04,7.08
2024-04-05,7.08
2024-04-06,7.09
2024-04-07,7.15
2024-04-08,7.32
2024-04-09,7.58
2024-04-10,8.0
2024-04-11,8.53
2024-04-12,9.15
2024-04-13,9.97
2024-04-14,10.9
2024-04-15,11.9
2024-04-16,13.0
2024-04-17,15.1
2024-04-18,17.4
2024-04-19,20.4
2024-04-20,23.4
2024-04-21,26.8
2024-04-22,30.4
2024-04-23,34.3
2024-04-24,38.5
2024-04-25,42.6
2024-04-26,47.2
2024-04-27,51.8
2024-04-28,56.6
2024-04-29,60.7
2024-04-30,64.8
2024-05-01,68.3
2024-05-02,72.0
2024-05-03,75.8
2024-05-04,78.6
2024-05-05,82.7
2024-05-06,86.9
2024-05-07,91.6
2024-05-08,89.9
2024-05-09,89.1
2024-05-10,89.9
2024-05-11,90.7
2024-05-12,90.4
2024-05-13,92.3
2024-05-14,91.6
2024-05-15,90.4
2024-05-16,90.2
2024-05-17,90.7
2024-05-18,92.4
2024-05-19,92.4
2024-05-20,98.1
2024-05-21,102.0
2024-05-22,104.0
2024-05-23,104.0
2024-05-24,105.0
2024-05-25,106.0
2024-05-26,105.0
2024-05-27,108.0
2024-05-28,110.0
2024-05-29,111.0
2024-05-30,111.0
2024-05-31,108.0
2024-06-01,108.0
2024-06-02,109.0
2024-06-03,108.0
2024-06-04,109.0
2024-06-05,105.0
2024-06-06,102.0
2024-06-07,103.0
2024-06-08,103.0
2024-06-09,102.0
2024-06-10,99.3
2024-06-11,97.9
2024-06-12,97.4
2024-06-13,96.6
2024-06-14,94.5
2024-06-15,92.8
2024-06-16,87.6
2024-06-17,86.7
2024-06-18,82.8
2024-06-19,84.2
2024-06-20,84.1
2024-06-21,81.5
2024-06-22,79.3
2024-06-23,76.5
2024-06-24,73.5
2024-06-25,74.3
2024-06-26,70.8
2024-06-27,69.5
2024-06-28,69.8
2024-06-29,64.6
2024-06-30,62.2
2024-07-01,61.9
2024-07-02,60.5
2024-07-03,60.9
2024-07-04,61.7
2024-07-05,60.8
2024-07-06,60.7
2024-07-07,59.7
2024-07-08,58.7
2024-07-09,58.8
2024-07-10,58.8
2024-07-11,57.3
2024-07-12,57.7
2024-07-13,55.8
2024-07-14,55.1
2024-07-15,55.1
2024-07-16,55.0
2024-07-17,53.6
2024-07-18,52.8
2024-07-19,52.8
2024-07-20,52.5
2024-07-21,51.4
2024-07-22,51.7
2024-07-23,50.2
2024-07-24,48.4
2024-07-25,48.0
2024-07-26,45.7
2024-07-27,43.7
2024-07-28,42.2
2024-07-29,42.2
2024-07-30,41.0
2024-07-31,38.4
2024-08-01,36.0
2024-08-02,35.2
2024-08-03,34.6
2024-08-04,33.2
2024-08-05,32.2
2024-08-06,31.5
2024-08-07,32.1
2024-08-08,34.7
2024-08-09,33.7
2024-08-10,32.4
2024-08-11,32.0
2024-08-12,31.2
2024-08-13,30.5
2024-08-14,29.7
2024-08-15,28.8
2024-08-16,27.8
2024-08-17,26.8
2024-08-18,26.2
2024-08-19,25.6
2024-08-20,24.1
2024-08-21,23.2
2024-08-22,22.7
2024-08-23,22.7
2024-08-24,22.5
2024-08-25,26.5
2024-08-26,30.3
2024-08-27,34.8
2024-08-28,37.1
2024-08-29,38.4
2024-08-30,37.8
2024-08-31,40.3
2024-09-01,41.6
2024-09-02,42.4
2024-09-03,42.5
2024-09-04,42.4
2024-09-05,42.6
2024-09-06,43.0
2024-09-07,41.8
2024-09-08,41.3
2024-09-09,41.0
2024-09-10,39.7
2024-09-11,39.3
2024-09-12,40.1
2024-09-13,37.7
2024-09-14,35.5
2024-09-15,35.2
2024-09-16,34.1
2024-09-17,33.6
2024-09-18,33.3
2024-09-19,32.5
2024-09-20,31.2
2024-09-21,31.2
2024-09-22,30.6
2024-09-23,30.9
2024-09-24,29.9
2024-09-25,29.6
2024-09-26,29.1
2024-09-27,27.3
2024-09-28,27.1
2024-09-29,28.0
2024-09-30,23.7
2024-10-01,24.8
2024-10-02,24.4
2024-10-03,24.4
2024-10-04,24.2
2024-10-05,24.0
2024-10-06,22.5
2024-10-07,22.8
2024-10-08,23.1
2024-10-09,22.5
2024-10-10,21.2
2024-10-11,20.5
2024-10-12,20.6
2024-10-13,20.4
2024-10-14,20.6
2024-10-15,19.6
2024-10-16,19.3
2024-10-17,18.9
2024-10-18,17.9
2024-10-19,17.9
2024-10-20,17.7
2024-10-21,17.8
2024-10-22,16.5
2024-10-23,16.2
2024-10-24,16.4
2024-10-25,15.8
2024-10-26,16.1
2024-10-27,16.9
2024-10-28,16.0
2024-10-29,14.8
2024-10-30,14.2
2024-10-31,14.8
2024-11-01,14.5
2024-11-02,14.2
2024-11-03,14.4
2024-11-04,14.0
2024-11-05,14.3
2024-11-06,14.1
2024-11-07,13.0
2024-11-08,14.4
2024-11-09,14.2
2024-11-10,14.6
2024-11-11,14.5
2024-11-12,14.8
2024-11-13,14.4
2024-11-14,14.8
2024-11-15,14.7
2024-11-16,15.0
2024-11-17,14.8
2024-11-18,15.4
2024-11-19,16.3
2024-11-20,16.2
2024-11-21,16.0
2024-11-22,16.4
2024-11-23,18.0
2024-11-24,18.5
2024-11-25,19.0
2024-11-26,19.5
2024-11-27,20.0
2024-11-28,20.5
2024-11-29,20.9
2024-11-30,21.4
2024-12-01,21.8
2024-12-02,22.1
2024-12-03,22.9
2024-12-04,23.3
2024-12-05,23.7
2024-12-06,24.0
2024-12-07,24.7
2024-12-08,25.1
2024-12-09,25.2
2024-12-10,25.5
2024-12-11,25.7
2024-12-12,25.8
2024-12-13,25.9
2024-12-14,25.9
2024-12-15,25.8
2024-12-16,25.9
2024-12-17,26.0
2024-12-18,26.0
2024-12-19,25.9
2024-12-20,25.7
2024-12-21,25.5
2024-12-22,25.3
2024-12-23,25.1
2024-12-24,24.8
2024-12-25,24.6
2024-12-26,24.4
2024-12-27,24.1
2024-12-28,24.0
2024-12-29,23.7
2024-12-30,23.5
2024-12-31,23.3
2025-01-01,23.2
2025-01-02,23.0
2025-01-03,22.8
2025-01-04,22.5
2025-01-05,22.3
2025-01-06,21.9
2025-01-07,21.7
2025-01-08,21.4
2025-01-09,21.1
2025-01-10,20.9
2025-01-11,20.6
2025-01-12,20.4
2025-01-13,20.2
2025-01-14,20.0
2025-01-15,19.7
2025-01-16,19.5
2025-01-17,19.6
2025-01-18,19.4
2025-01-19,19.2
2025-01-20,18.9
2025-01-21,18.7
2025-01-22,18.4
2025-01-23,18.2
2025-01-24,18.0
2025-01-25,17.7
2025-01-26,17.6
2025-01-27,17.3
2025-01-28,17.3
2025-01-29,17.2
2025-01-30,17.0
2025-01-31,16.8
2025-02-01,16.7
2025-02-02,16.6
2025-02-03,16.5
2025-02-04,16.4
2025-02-05,16.3
2025-02-06,16.3
2025-02-07,16.2
2025-02-08,16.1
2025-02-09,15.9
2025-02-10,15.8
2025-02-11,15.7
2025-02-12,15.5
2025-02-13,15.4
2025-02-14,15.2
2025-02-15,15.1
2025-02-16,14.9
2025-02-17,14.7
2025-02-18,14.6
2025-02-19,14.4
2025-02-20,14.3
2025-02-21,14.2
2025-02-22,14.0
2025-02-23,13.9
2025-02-24,13.7
2025-02-25,13.6
2025-02-26,13.6
2025-02-27,13.6
2025-02-28,13.9
2025-03-01,13.8
2025-03-02,13.7
2025-03-03,13.5
2025-03-04,13.4
2025-03-05,13.4
2025-03-06,13.2
2025-03-07,13.2
2025-03-08,13.1
2025-03-09,13.0
2025-03-10,12.9
2025-03-11,12.9
2025-03-12,12.8
2025-03-13,12.7
2025-03-14,12.6
2025-03-15,12.4
2025-03-16,12.4
2025-03-17,12.3
2025-03-18,12.2
2025-03-19,12.1
2025-03-20,12.0
2025-03-21,11.9
2025-03-22,11.8
2025-03-23,11.7
2025-03-24,11.6
2025-03-25,11.5
2025-03-26,11.4
2025-03-27,11.3
2025-03-28,11.2
2025-03-29,11.1
2025-03-30,11.0
2025-03-31,10.9
2025-04-01,10.9
2025-04-02,10.7
2025-04-03,10.6
2025-04-04,10.5
2025-04-05,10.4
2025-04-06,10.4
2025-04-07,10.3
2025-04-08,10.2
2025-04-09,10.1
2025-04-10,9.99
2025-04-11,9.99
2025-04-12,10.0
2025-04-13,10.3
2025-04-14,10.6
2025-04-15,11.0
2025-04-16,11.5
2025-04-17,11.9
2025-04-18,12.8
2025-04-19,13.8
2025-04-20,14.7
2025-04-21,15.9
2025-04-22,17.7
2025-04-23,20.0
2025-04-24,22.7
2025-04-25,25.8
2025-04-26,29.2
2025-04-27,33.4
2025-04-28,37.3
2025-04-29,42.7
2025-04-30,47.5
2025-05-01,52.6
2025-05-02,57.0
2025-05-03,61.8
2025-05-04,66.7
2025-05-05,70.0
2025-05-06,74.7
2025-05-07,78.9
2025-05-08,81.5
2025-05-09,79.8
2025-05-10,87.1
2025-05-11,88.2
2025-05-12,89.1
2025-05-13,87.5
2025-05-14,92.3
2025-05-15,93.1
2025-05-16,92.5
2025-05-17,94.4
2025-05-18,95.1
2025-05-19,95.4
2025-05-20,95.3
2025-05-21,93.4
2025-05-22,90.9
2025-05-23,88.9
2025-05-24,86.1
2025-05-25,83.6
2025-05-26,81.1
2025-05-27,78.9
2025-05-28,75.7
2025-05-29,73.1
2025-05-30,71.8
2025-05-31,68.7
2025-06-01,65.3
2025-06-02,60.8
2025-06-03,58.6
2025-06-04,55.3
2025-06-05,54.8
2025-06-06,53.2
2025-06-07,50.4
2025-06-08,49.0
2025-06-09,46.9
2025-06-10,45.0
2025-06-11,43.8
2025-06-12,42.1
2025-06-13,39.8
2025-06-14,38.2
2025-06-15,36.4
2025-06-16,35.3
2025-06-17,32.9
2025-06-18,32.4
2025-06-19,31.4
2025-06-20,29.7
2025-06-21,29.4
2025-06-22,28.9
2025-06-23,25.7
2025-06-24,26.1
2025-06-25,25.0
2025-06-26,24.0
2025-06-27,23.1
2025-06-28,22.6
2025-06-29,21.8
2025-06-30,20.8
2025-07-01,19.5
2025-07-02,20.0
2025-07-03,19.6
2025-07-04,17.9
2025-07-05,17.6
2025-07-06,17.6
2025-07-07,17.0
2025-07-08,16.4
2025-07-09,16.1
2025-07-10,15.3
2025-07-11,14.9
2025-07-12,14.3
2025-07-13,13.0
2025-07-14,13.9
2025-07-15,13.2
2025-07-16,12.5
2025-07-17,12.1
2025-07-18,12.1
2025-07-19,11.7
2025-07-20,11.7
2025-07-21,11.8
2025-07-22,11.1
2025-07-23,10.5
2025-07-24,10.4
2025-07-25,10.6
2025-07-26,10.1
2025-07-27,10.3
2025-07-28,9.87
2025-07-29,9.44
2025-07-30,9.38
2025-07-31,8.85
2025-08-01,8.81
2025-08-02,8.59
2025-08-03,9.11
2025-08-04,8.71
2025-08-05,8.53
2025-08-06,8.3
2025-08-07,7.79
2025-08-08,8.4
2025-08-09,7.93
2025-08-10,7.57
2025-08-11,7.54
2025-08-12,7.38
2025-08-13,7.93
2025-08-14,7.59
2025-08-15,6.13
2025-08-16,7.28
2025-08-17,7.39
2025-08-18,6.97
2025-08-19,6.89
2025-08-20,6.92
2025-08-21,6.76
2025-08-22,6.84
2025-08-23,6.66
2025-08-24,6.68
2025-08-25,6.73
2025-08-26,6.76
2025-08-27,6.85
2025-08-28,6.63
2025-08-29,6.4
2025-08-30,6.4
2025-08-31,6.25
2025-09-01,6.24
2025-09-02,6.45
2025-09-03,6.11
2025-09-04,5.96
2025-09-05,5.24
2025-09-06,5.49
2025-09-07,5.54
2025-09-08,5.59
2025-09-09,5.59
2025-09-10,5.61
2025-09-11,5.4
2025-09-12,5.3
2025-09-13,5.4
2025-09-14,5.42
2025-09-15,5.28
2025-09-16,5.0
2025-09-17,5.26
2025-09-18,5.29
2025-09-19,5.23
2025-09-20,5.16
2025-09-21,5.15
2025-09-22,5.18
2025-09-23,4.95
2025-09-24,5.0
2025-09-25,4.43
2025-09-26,4.83
2025-09-27,3.48
2025-09-28,4.79
2025-09-29,4.9
2025-09-30,5.07
2025-10-01,4.81
2025-10-02,4.05
2025-10-03,4.77
2025-10-04,4.74
2025-10-05,4.57
2025-10-06,4.53
2025-10-07,4.67
2025-10-08,4.96
2025-10-09,4.41
2025-10-10,4.69
2025-10-11,5.02
2025-10-12,5.08
2025-10-13,4.28
2025-10-14,4.77
2025-10-15,4.73
2025-10-16,4.83
2025-10-17,4.85
2025-10-18,4.61
2025-10-19,4.95
2025-10-20,5.52
2025-10-21,5.2
2025-10-22,5.31
2025-10-23,5.51
2025-10-24,5.74
2025-10-25,5.82
2025-10-26,5.82
2025-10-27,5.76
2025-10-28,5.84
2025-10-29,6.01
2025-10-30,6.58
2025-10-31,6.46
2025-11-01,6.72
2025-11-02,6.47
2025-11-03,6.36
2025-11-04,7.19
2025-11-05,7.61
2025-11-06,8.36
2025-11-07,8.31
2025-11-08,8.64
2025-11-09,8.89
2025-11-10,9.21
2025-11-11,9.38
2025-11-12,9.57
2025-11-13,9.91
2025-11-14,10.2
2025-11-15,10.0
2025-11-16,10.5
2025-11-17,10.8
2025-11-18,11.0
2025-11-19,11.2
2025-11-20,11.4
2025-11-21,11.6
2025-11-22,11.7
2025-11-23,11.9
2025-11-24,12.1
2025-11-25,12.3
2025-11-26,12.4
2025-11-27,12.5
2025-11-28,12.7
2025-11-29,12.8
2025-11-30,13.0
2025-12-01,13.1
2025-12-02,13.2
2025-12-03,13.3
2025-12-04,13.5
2025-12-05,13.5
2025-12-06,13.6
2025-12-07,13.7
2025-12-08,13.7
2025-12-09,13.7
2025-12-10,13.7
2025-12-11,13.8
2025-12-12,13.8
2025-12-13,13.8
2025-12-14,13.8
2025-12-15,13.8
2025-12-16,13.7
2025-12-17,13.8
2025-12-18,13.7
2025-12-19,13.7
2025-12-20,13.8
2025-12-21,13.8
2025-12-22,13.7
2025-12-23,13.7
2025-12-24,13.6
2025-12-25,13.7
2025-12-26,13.7
2025-12-27,13.6
2025-12-28,13.6
2025-12-29,13.5
2025-12-30,13.5
2025-12-31,13.4
